Household owner,Household Code,Meter Serial,Meter position,Model,Type,Usage,Value,Last update,Status
PTCH ,10987143914,41934187,,VK-4,SMART,0.0088,409.33,Sat Apr 05 2025 07:00:00 GMT+0700,
PTCH ,10987143914,41934187,,VK-4,SMART,0.0189,409.3212,Sat Apr 05 2025 06:00:00 GMT+0700,ESTIMATED
PTCH ,10987143914,41934187,,VK-4,SMART,0.0189,409.3023,Sat Apr 05 2025 05:00:00 GMT+0700,ESTIMATED
PTCH ,10987143914,41934187,,VK-4,SMART,0.0189,409.2834,Sat Apr 05 2025 04:00:00 GMT+0700,ESTIMATED
PTCH ,10987143914,41934187,,VK-4,SMART,0.0189,409.2645,Sat Apr 05 2025 03:00:00 GMT+0700,ESTIMATED
PTCH ,10987143914,41934187,,VK-4,SMART,0.0189,409.2456,Sat Apr 05 2025 02:00:00 GMT+0700,ESTIMATED
PTCH ,10987143914,41934187,,VK-4,SMART,0.0189,409.2267,Sat Apr 05 2025 01:00:00 GMT+0700,ESTIMATED
PTCH ,10987143914,41934187,,VK-4,SMART,0.0189,409.2078,Sat Apr 05 2025 00:00:00 GMT+0700,ESTIMATED
PTCH ,10987143914,41934187,,VK-4,SMART,0.0189,409.1889,Fri Apr 04 2025 23:00:00 GMT+0700,ESTIMATED
PTCH ,10987143914,41934187,,VK-4,SMART,0.0414,409.17,Fri Apr 04 2025 22:00:00 GMT+0700,
PTCH ,10987143914,41934187,,VK-4,SMART,0.0398,409.1286,Fri Apr 04 2025 21:00:00 GMT+0700,ESTIMATED
PTCH ,10987143914,41934187,,VK-4,SMART,0.0398,409.0888,Fri Apr 04 2025 20:00:00 GMT+0700,ESTIMATED
PTCH ,10987143914,41934187,,VK-4,SMART,0.0398,409.049,Fri Apr 04 2025 19:00:00 GMT+0700,ESTIMATED
PTCH ,10987143914,41934187,,VK-4,SMART,0.0398,409.0092,Fri Apr 04 2025 18:00:00 GMT+0700,ESTIMATED
PTCH ,10987143914,41934187,,VK-4,SMART,0.0398,408.9694,Fri Apr 04 2025 17:00:00 GMT+0700,ESTIMATED
PTCH ,10987143914,41934187,,VK-4,SMART,0.0398,408.9296,Fri Apr 04 2025 16:00:00 GMT+0700,ESTIMATED
PTCH ,10987143914,41934187,,VK-4,SMART,0.0398,408.8898,Fri Apr 04 2025 15:00:00 GMT+0700,ESTIMATED
PTCH ,10987143914,41934187,,VK-4,SMART,0.0498,408.85,Fri Apr 04 2025 14:00:00 GMT+0700,
PTCH ,10987143914,41934187,,VK-4,SMART,0.0291,408.8002,Fri Apr 04 2025 13:00:00 GMT+0700,ESTIMATED
PTCH ,10987143914,41934187,,VK-4,SMART,0.0291,408.7711,Fri Apr 04 2025 12:00:00 GMT+0700,ESTIMATED
PTCH ,10987143914,41934187,,VK-4,SMART,0.0291,408.742,Fri Apr 04 2025 11:00:00 GMT+0700,ESTIMATED
PTCH ,10987143914,41934187,,VK-4,SMART,0.0291,408.7129,Fri Apr 04 2025 10:00:00 GMT+0700,ESTIMATED
PTCH ,10987143914,41934187,,VK-4,SMART,0.0291,408.6838,Fri Apr 04 2025 09:00:00 GMT+0700,ESTIMATED
PTCH ,10987143914,41934187,,VK-4,SMART,0.0291,408.6547,Fri Apr 04 2025 08:00:00 GMT+0700,ESTIMATED
PTCH ,10987143914,41934187,,VK-4,SMART,0.0291,408.6256,Fri Apr 04 2025 07:00:00 GMT+0700,ESTIMATED
PTCH ,10987143914,41934187,,VK-4,SMART,0.0291,408.5965,Fri Apr 04 2025 06:00:00 GMT+0700,ESTIMATED
PTCH ,10987143914,41934187,,VK-4,SMART,0.0291,408.5674,Fri Apr 04 2025 05:00:00 GMT+0700,ESTIMATED
PTCH ,10987143914,41934187,,VK-4,SMART,0.0291,408.5383,Fri Apr 04 2025 04:00:00 GMT+0700,ESTIMATED
PTCH ,10987143914,41934187,,VK-4,SMART,0.0291,408.5092,Fri Apr 04 2025 03:00:00 GMT+0700,ESTIMATED
PTCH ,10987143914,41934187,,VK-4,SMART,0.0291,408.4801,Fri Apr 04 2025 02:00:00 GMT+0700,ESTIMATED
PTCH ,10987143914,41934187,,VK-4,SMART,0.0291,408.451,Fri Apr 04 2025 01:00:00 GMT+0700,ESTIMATED
PTCH ,10987143914,41934187,,VK-4,SMART,0.0291,408.4219,Fri Apr 04 2025 00:00:00 GMT+0700,ESTIMATED
PTCH ,10987143914,41934187,,VK-4,SMART,0.0291,408.3928,Thu Apr 03 2025 23:00:00 GMT+0700,ESTIMATED
PTCH ,10987143914,41934187,,VK-4,SMART,0.0291,408.3637,Thu Apr 03 2025 22:00:00 GMT+0700,ESTIMATED
PTCH ,10987143914,41934187,,VK-4,SMART,0.0291,408.3346,Thu Apr 03 2025 21:00:00 GMT+0700,ESTIMATED
PTCH ,10987143914,41934187,,VK-4,SMART,0.0291,408.3055,Thu Apr 03 2025 20:00:00 GMT+0700,ESTIMATED
PTCH ,10987143914,41934187,,VK-4,SMART,0.0291,408.2764,Thu Apr 03 2025 19:00:00 GMT+0700,ESTIMATED
PTCH ,10987143914,41934187,,VK-4,SMART,0.0291,408.2473,Thu Apr 03 2025 18:00:00 GMT+0700,ESTIMATED
PTCH ,10987143914,41934187,,VK-4,SMART,0.0291,408.2182,Thu Apr 03 2025 17:00:00 GMT+0700,ESTIMATED
PTCH ,10987143914,41934187,,VK-4,SMART,0.0291,408.1891,Thu Apr 03 2025 16:00:00 GMT+0700,ESTIMATED
PTCH ,10987143914,41934187,,VK-4,SMART,0.0088,408.16,Thu Apr 03 2025 15:00:00 GMT+0700,
PTCH ,10987143914,41934187,,VK-4,SMART,0.0364,408.1512,Thu Apr 03 2025 14:00:00 GMT+0700,ESTIMATED
PTCH ,10987143914,41934187,,VK-4,SMART,0.0364,408.1148,Thu Apr 03 2025 13:00:00 GMT+0700,ESTIMATED
PTCH ,10987143914,41934187,,VK-4,SMART,0.0364,408.0784,Thu Apr 03 2025 12:00:00 GMT+0700,ESTIMATED
PTCH ,10987143914,41934187,,VK-4,SMART,0.0364,408.042,Thu Apr 03 2025 11:00:00 GMT+0700,ESTIMATED
PTCH ,10987143914,41934187,,VK-4,SMART,0.0364,408.0056,Thu Apr 03 2025 10:00:00 GMT+0700,ESTIMATED
PTCH ,10987143914,41934187,,VK-4,SMART,0.0364,407.9692,Thu Apr 03 2025 09:00:00 GMT+0700,ESTIMATED
PTCH ,10987143914,41934187,,VK-4,SMART,0.0364,407.9328,Thu Apr 03 2025 08:00:00 GMT+0700,ESTIMATED
PTCH ,10987143914,41934187,,VK-4,SMART,0.0364,407.8964,Thu Apr 03 2025 07:00:00 GMT+0700,ESTIMATED
PTCH ,10987143914,41934187,,VK-4,SMART,0.0158,407.86,Thu Apr 03 2025 06:00:00 GMT+0700,
PTCH ,10987143914,41934187,,VK-4,SMART,0.0107,407.8442,Thu Apr 03 2025 05:00:00 GMT+0700,ESTIMATED
PTCH ,10987143914,41934187,,VK-4,SMART,0.0107,407.8335,Thu Apr 03 2025 04:00:00 GMT+0700,ESTIMATED
PTCH ,10987143914,41934187,,VK-4,SMART,0.0107,407.8228,Thu Apr 03 2025 03:00:00 GMT+0700,ESTIMATED
PTCH ,10987143914,41934187,,VK-4,SMART,0.0107,407.8121,Thu Apr 03 2025 02:00:00 GMT+0700,ESTIMATED
PTCH ,10987143914,41934187,,VK-4,SMART,0.0107,407.8014,Thu Apr 03 2025 01:00:00 GMT+0700,ESTIMATED
PTCH ,10987143914,41934187,,VK-4,SMART,0.0107,407.7907,Thu Apr 03 2025 00:00:00 GMT+0700,ESTIMATED
PTCH ,10987143914,41934187,,VK-4,SMART,0.0285,407.78,Wed Apr 02 2025 23:00:00 GMT+0700,
PTCH ,10987143914,41934187,,VK-4,SMART,0.0481,407.7515,Wed Apr 02 2025 22:00:00 GMT+0700,ESTIMATED
PTCH ,10987143914,41934187,,VK-4,SMART,0.0481,407.7034,Wed Apr 02 2025 21:00:00 GMT+0700,ESTIMATED
PTCH ,10987143914,41934187,,VK-4,SMART,0.0481,407.6553,Wed Apr 02 2025 20:00:00 GMT+0700,ESTIMATED
PTCH ,10987143914,41934187,,VK-4,SMART,0.0481,407.6072,Wed Apr 02 2025 19:00:00 GMT+0700,ESTIMATED
PTCH ,10987143914,41934187,,VK-4,SMART,0.0481,407.5591,Wed Apr 02 2025 18:00:00 GMT+0700,ESTIMATED
PTCH ,10987143914,41934187,,VK-4,SMART,0.0481,407.511,Wed Apr 02 2025 17:00:00 GMT+0700,ESTIMATED
PTCH ,10987143914,41934187,,VK-4,SMART,0.0481,407.4629,Wed Apr 02 2025 16:00:00 GMT+0700,ESTIMATED
PTCH ,10987143914,41934187,,VK-4,SMART,0.0481,407.4148,Wed Apr 02 2025 15:00:00 GMT+0700,ESTIMATED
PTCH ,10987143914,41934187,,VK-4,SMART,0.0481,407.3667,Wed Apr 02 2025 14:00:00 GMT+0700,ESTIMATED
PTCH ,10987143914,41934187,,VK-4,SMART,0.0481,407.3186,Wed Apr 02 2025 13:00:00 GMT+0700,ESTIMATED
PTCH ,10987143914,41934187,,VK-4,SMART,0.0481,407.2705,Wed Apr 02 2025 12:00:00 GMT+0700,ESTIMATED
PTCH ,10987143914,41934187,,VK-4,SMART,0.0481,407.2224,Wed Apr 02 2025 11:00:00 GMT+0700,ESTIMATED
PTCH ,10987143914,41934187,,VK-4,SMART,0.0481,407.1743,Wed Apr 02 2025 10:00:00 GMT+0700,ESTIMATED
PTCH ,10987143914,41934187,,VK-4,SMART,0.0481,407.1262,Wed Apr 02 2025 09:00:00 GMT+0700,ESTIMATED
PTCH ,10987143914,41934187,,VK-4,SMART,0.0481,407.0781,Wed Apr 02 2025 08:00:00 GMT+0700,ESTIMATED
PTCH ,10987143914,41934187,,VK-4,SMART,0.0532,407.03,Wed Apr 02 2025 07:00:00 GMT+0700,
PTCH ,10987143914,41934187,,VK-4,SMART,0.0312,406.9768,Wed Apr 02 2025 06:00:00 GMT+0700,ESTIMATED
PTCH ,10987143914,41934187,,VK-4,SMART,0.0312,406.9456,Wed Apr 02 2025 05:00:00 GMT+0700,ESTIMATED
PTCH ,10987143914,41934187,,VK-4,SMART,0.0312,406.9144,Wed Apr 02 2025 04:00:00 GMT+0700,ESTIMATED
PTCH ,10987143914,41934187,,VK-4,SMART,0.0312,406.8832,Wed Apr 02 2025 03:00:00 GMT+0700,ESTIMATED
PTCH ,10987143914,41934187,,VK-4,SMART,0.0312,406.852,Wed Apr 02 2025 02:00:00 GMT+0700,ESTIMATED
PTCH ,10987143914,41934187,,VK-4,SMART,0.0312,406.8208,Wed Apr 02 2025 01:00:00 GMT+0700,ESTIMATED
PTCH ,10987143914,41934187,,VK-4,SMART,0.0312,406.7896,Wed Apr 02 2025 00:00:00 GMT+0700,ESTIMATED
PTCH ,10987143914,41934187,,VK-4,SMART,0.0312,406.7584,Tue Apr 01 2025 23:00:00 GMT+0700,ESTIMATED
PTCH ,10987143914,41934187,,VK-4,SMART,0.0312,406.7272,Tue Apr 01 2025 22:00:00 GMT+0700,ESTIMATED
PTCH ,10987143914,41934187,,VK-4,SMART,0.0312,406.696,Tue Apr 01 2025 21:00:00 GMT+0700,ESTIMATED
PTCH ,10987143914,41934187,,VK-4,SMART,0.0312,406.6648,Tue Apr 01 2025 20:00:00 GMT+0700,ESTIMATED
PTCH ,10987143914,41934187,,VK-4,SMART,0.0312,406.6336,Tue Apr 01 2025 19:00:00 GMT+0700,ESTIMATED
PTCH ,10987143914,41934187,,VK-4,SMART,0.0312,406.6024,Tue Apr 01 2025 18:00:00 GMT+0700,ESTIMATED
PTCH ,10987143914,41934187,,VK-4,SMART,0.0312,406.5712,Tue Apr 01 2025 17:00:00 GMT+0700,ESTIMATED
PTCH ,10987143914,41934187,,VK-4,SMART,0.0312,406.54,Tue Apr 01 2025 16:00:00 GMT+0700,ESTIMATED
PTCH ,10987143914,41934187,,VK-4,SMART,0.0312,406.5088,Tue Apr 01 2025 15:00:00 GMT+0700,ESTIMATED
PTCH ,10987143914,41934187,,VK-4,SMART,0.0312,406.4776,Tue Apr 01 2025 14:00:00 GMT+0700,ESTIMATED
PTCH ,10987143914,41934187,,VK-4,SMART,0.0312,406.4464,Tue Apr 01 2025 13:00:00 GMT+0700,ESTIMATED
PTCH ,10987143914,41934187,,VK-4,SMART,0.0312,406.4152,Tue Apr 01 2025 12:00:00 GMT+0700,ESTIMATED
PTCH ,10987143914,41934187,,VK-4,SMART,0.0312,406.384,Tue Apr 01 2025 11:00:00 GMT+0700,ESTIMATED
PTCH ,10987143914,41934187,,VK-4,SMART,0.0312,406.3528,Tue Apr 01 2025 10:00:00 GMT+0700,ESTIMATED
PTCH ,10987143914,41934187,,VK-4,SMART,0.0312,406.3216,Tue Apr 01 2025 09:00:00 GMT+0700,ESTIMATED
PTCH ,10987143914,41934187,,VK-4,SMART,0.0312,406.2904,Tue Apr 01 2025 08:00:00 GMT+0700,ESTIMATED
PTCH ,10987143914,41934187,,VK-4,SMART,0.0312,406.2592,Tue Apr 01 2025 07:00:00 GMT+0700,ESTIMATED
PTCH ,10987143914,41934187,,VK-4,SMART,0.0312,406.228,Tue Apr 01 2025 06:00:00 GMT+0700,ESTIMATED
PTCH ,10987143914,41934187,,VK-4,SMART,0.0312,406.1968,Tue Apr 01 2025 05:00:00 GMT+0700,ESTIMATED
PTCH ,10987143914,41934187,,VK-4,SMART,0.0312,406.1656,Tue Apr 01 2025 04:00:00 GMT+0700,ESTIMATED
PTCH ,10987143914,41934187,,VK-4,SMART,0.0312,406.1344,Tue Apr 01 2025 03:00:00 GMT+0700,ESTIMATED
PTCH ,10987143914,41934187,,VK-4,SMART,0.0312,406.1032,Tue Apr 01 2025 02:00:00 GMT+0700,ESTIMATED
PTCH ,10987143914,41934187,,VK-4,SMART,0.0312,406.072,Tue Apr 01 2025 01:00:00 GMT+0700,ESTIMATED
PTCH ,10987143914,41934187,,VK-4,SMART,0.0312,406.0408,Tue Apr 01 2025 00:00:00 GMT+0700,ESTIMATED
PTCH ,10987143914,41934187,,VK-4,SMART,0.0312,406.0096,Mon Mar 31 2025 23:00:00 GMT+0700,ESTIMATED
PTCH ,10987143914,41934187,,VK-4,SMART,0.0312,405.9784,Mon Mar 31 2025 22:00:00 GMT+0700,ESTIMATED
PTCH ,10987143914,41934187,,VK-4,SMART,0.0312,405.9472,Mon Mar 31 2025 21:00:00 GMT+0700,ESTIMATED
PTCH ,10987143914,41934187,,VK-4,SMART,0.0312,405.916,Mon Mar 31 2025 20:00:00 GMT+0700,ESTIMATED
PTCH ,10987143914,41934187,,VK-4,SMART,0.0312,405.8848,Mon Mar 31 2025 19:00:00 GMT+0700,ESTIMATED
PTCH ,10987143914,41934187,,VK-4,SMART,0.0312,405.8536,Mon Mar 31 2025 18:00:00 GMT+0700,ESTIMATED
PTCH ,10987143914,41934187,,VK-4,SMART,0.0312,405.8224,Mon Mar 31 2025 17:00:00 GMT+0700,ESTIMATED
PTCH ,10987143914,41934187,,VK-4,SMART,0.0312,405.7912,Mon Mar 31 2025 16:00:00 GMT+0700,ESTIMATED
PTCH ,10987143914,41934187,,VK-4,SMART,0.0355,405.76,Mon Mar 31 2025 15:00:00 GMT+0700,
PTCH ,10987143914,41934187,,VK-4,SMART,0.0423,405.7245,Mon Mar 31 2025 14:00:00 GMT+0700,ESTIMATED
PTCH ,10987143914,41934187,,VK-4,SMART,0.0423,405.6822,Mon Mar 31 2025 13:00:00 GMT+0700,ESTIMATED
PTCH ,10987143914,41934187,,VK-4,SMART,0.0423,405.6399,Mon Mar 31 2025 12:00:00 GMT+0700,ESTIMATED
PTCH ,10987143914,41934187,,VK-4,SMART,0.0423,405.5976,Mon Mar 31 2025 11:00:00 GMT+0700,ESTIMATED
PTCH ,10987143914,41934187,,VK-4,SMART,0.0423,405.5553,Mon Mar 31 2025 10:00:00 GMT+0700,ESTIMATED
PTCH ,10987143914,41934187,,VK-4,SMART,0.0423,405.513,Mon Mar 31 2025 09:00:00 GMT+0700,ESTIMATED
PTCH ,10987143914,41934187,,VK-4,SMART,0.0423,405.4707,Mon Mar 31 2025 08:00:00 GMT+0700,ESTIMATED
PTCH ,10987143914,41934187,,VK-4,SMART,0.0423,405.4284,Mon Mar 31 2025 07:00:00 GMT+0700,ESTIMATED
PTCH ,10987143914,41934187,,VK-4,SMART,0.0423,405.3861,Mon Mar 31 2025 06:00:00 GMT+0700,ESTIMATED
PTCH ,10987143914,41934187,,VK-4,SMART,0.0423,405.3438,Mon Mar 31 2025 05:00:00 GMT+0700,ESTIMATED
PTCH ,10987143914,41934187,,VK-4,SMART,0.0423,405.3015,Mon Mar 31 2025 04:00:00 GMT+0700,ESTIMATED
PTCH ,10987143914,41934187,,VK-4,SMART,0.0423,405.2592,Mon Mar 31 2025 03:00:00 GMT+0700,ESTIMATED
PTCH ,10987143914,41934187,,VK-4,SMART,0.0423,405.2169,Mon Mar 31 2025 02:00:00 GMT+0700,ESTIMATED
PTCH ,10987143914,41934187,,VK-4,SMART,0.0423,405.1746,Mon Mar 31 2025 01:00:00 GMT+0700,ESTIMATED
PTCH ,10987143914,41934187,,VK-4,SMART,0.0423,405.1323,Mon Mar 31 2025 00:00:00 GMT+0700,ESTIMATED
PTCH ,10987143914,41934187,,VK-4,SMART,0.0241,405.09,Sun Mar 30 2025 23:00:00 GMT+0700,
PTCH ,10987143914,41934187,,VK-4,SMART,0.0337,405.0659,Sun Mar 30 2025 22:00:00 GMT+0700,ESTIMATED
PTCH ,10987143914,41934187,,VK-4,SMART,0.0337,405.0322,Sun Mar 30 2025 21:00:00 GMT+0700,ESTIMATED
PTCH ,10987143914,41934187,,VK-4,SMART,0.0337,404.9985,Sun Mar 30 2025 20:00:00 GMT+0700,ESTIMATED
PTCH ,10987143914,41934187,,VK-4,SMART,0.0337,404.9648,Sun Mar 30 2025 19:00:00 GMT+0700,ESTIMATED
PTCH ,10987143914,41934187,,VK-4,SMART,0.0337,404.9311,Sun Mar 30 2025 18:00:00 GMT+0700,ESTIMATED
PTCH ,10987143914,41934187,,VK-4,SMART,0.0337,404.8974,Sun Mar 30 2025 17:00:00 GMT+0700,ESTIMATED
PTCH ,10987143914,41934187,,VK-4,SMART,0.0337,404.8637,Sun Mar 30 2025 16:00:00 GMT+0700,ESTIMATED
PTCH ,10987143914,41934187,,VK-4,SMART,0.0332,404.83,Sun Mar 30 2025 15:00:00 GMT+0700,
PTCH ,10987143914,41934187,,VK-4,SMART,0.0424,404.7968,Sun Mar 30 2025 14:00:00 GMT+0700,ESTIMATED
PTCH ,10987143914,41934187,,VK-4,SMART,0.0424,404.7544,Sun Mar 30 2025 13:00:00 GMT+0700,ESTIMATED
PTCH ,10987143914,41934187,,VK-4,SMART,0.0424,404.712,Sun Mar 30 2025 12:00:00 GMT+0700,ESTIMATED
PTCH ,10987143914,41934187,,VK-4,SMART,0.0424,404.6696,Sun Mar 30 2025 11:00:00 GMT+0700,ESTIMATED
PTCH ,10987143914,41934187,,VK-4,SMART,0.0424,404.6272,Sun Mar 30 2025 10:00:00 GMT+0700,ESTIMATED
PTCH ,10987143914,41934187,,VK-4,SMART,0.0424,404.5848,Sun Mar 30 2025 09:00:00 GMT+0700,ESTIMATED
PTCH ,10987143914,41934187,,VK-4,SMART,0.0424,404.5424,Sun Mar 30 2025 08:00:00 GMT+0700,ESTIMATED
PTCH ,10987143914,41934187,,VK-4,SMART,0.0183,404.5,Sun Mar 30 2025 07:00:00 GMT+0700,
PTCH ,10987143914,41934187,,VK-4,SMART,0.0131,404.4817,Sun Mar 30 2025 06:00:00 GMT+0700,ESTIMATED
PTCH ,10987143914,41934187,,VK-4,SMART,0.0131,404.4686,Sun Mar 30 2025 05:00:00 GMT+0700,ESTIMATED
PTCH ,10987143914,41934187,,VK-4,SMART,0.0131,404.4555,Sun Mar 30 2025 04:00:00 GMT+0700,ESTIMATED
PTCH ,10987143914,41934187,,VK-4,SMART,0.0131,404.4424,Sun Mar 30 2025 03:00:00 GMT+0700,ESTIMATED
PTCH ,10987143914,41934187,,VK-4,SMART,0.0131,404.4293,Sun Mar 30 2025 02:00:00 GMT+0700,ESTIMATED
PTCH ,10987143914,41934187,,VK-4,SMART,0.0131,404.4162,Sun Mar 30 2025 01:00:00 GMT+0700,ESTIMATED
PTCH ,10987143914,41934187,,VK-4,SMART,0.0131,404.4031,Sun Mar 30 2025 00:00:00 GMT+0700,ESTIMATED
