Household owner,Household Code,Meter Serial,Meter position,Model,Type,Usage,Value,Last update,Status
PTCH ,10987143914,41934187,,VK-4,SMART,0.0474,369.5092,Sat Feb 15 2025 23:00:00 GMT+0700,ESTIMATED
PTCH ,10987143914,41934187,,VK-4,SMART,0.0474,369.4618,Sat Feb 15 2025 22:00:00 GMT+0700,ESTIMATED
PTCH ,10987143914,41934187,,VK-4,SMART,0.0474,369.4144,Sat Feb 15 2025 21:00:00 GMT+0700,ESTIMATED
PTCH ,10987143914,41934187,,VK-4,SMART,0.0474,369.367,Sat Feb 15 2025 20:00:00 GMT+0700,ESTIMATED
PTCH ,10987143914,41934187,,VK-4,SMART,0.0474,369.3196,Sat Feb 15 2025 19:00:00 GMT+0700,ESTIMATED
PTCH ,10987143914,41934187,,VK-4,SMART,0.0474,369.2722,Sat Feb 15 2025 18:00:00 GMT+0700,ESTIMATED
PTCH ,10987143914,41934187,,VK-4,SMART,0.0474,369.2248,Sat Feb 15 2025 17:00:00 GMT+0700,ESTIMATED
PTCH ,10987143914,41934187,,VK-4,SMART,0.0474,369.1774,Sat Feb 15 2025 16:00:00 GMT+0700,ESTIMATED
PTCH ,10987143914,41934187,,VK-4,SMART,0.0156,369.13,Sat Feb 15 2025 15:00:00 GMT+0700,
PTCH ,10987143914,41934187,,VK-4,SMART,0.0392,369.1144,Sat Feb 15 2025 14:00:00 GMT+0700,ESTIMATED
PTCH ,10987143914,41934187,,VK-4,SMART,0.0392,369.0752,Sat Feb 15 2025 13:00:00 GMT+0700,ESTIMATED
PTCH ,10987143914,41934187,,VK-4,SMART,0.0392,369.036,Sat Feb 15 2025 12:00:00 GMT+0700,ESTIMATED
PTCH ,10987143914,41934187,,VK-4,SMART,0.0392,368.9968,Sat Feb 15 2025 11:00:00 GMT+0700,ESTIMATED
PTCH ,10987143914,41934187,,VK-4,SMART,0.0392,368.9576,Sat Feb 15 2025 10:00:00 GMT+0700,ESTIMATED
PTCH ,10987143914,41934187,,VK-4,SMART,0.0392,368.9184,Sat Feb 15 2025 09:00:00 GMT+0700,ESTIMATED
PTCH ,10987143914,41934187,,VK-4,SMART,0.0392,368.8792,Sat Feb 15 2025 08:00:00 GMT+0700,ESTIMATED
PTCH ,10987143914,41934187,,VK-4,SMART,0.0172,368.84,Sat Feb 15 2025 07:00:00 GMT+0700,
PTCH ,10987143914,41934187,,VK-4,SMART,0.0104,368.8228,Sat Feb 15 2025 06:00:00 GMT+0700,ESTIMATED
PTCH ,10987143914,41934187,,VK-4,SMART,0.0104,368.8124,Sat Feb 15 2025 05:00:00 GMT+0700,ESTIMATED
PTCH ,10987143914,41934187,,VK-4,SMART,0.0104,368.802,Sat Feb 15 2025 04:00:00 GMT+0700,ESTIMATED
PTCH ,10987143914,41934187,,VK-4,SMART,0.0104,368.7916,Sat Feb 15 2025 03:00:00 GMT+0700,ESTIMATED
PTCH ,10987143914,41934187,,VK-4,SMART,0.0104,368.7812,Sat Feb 15 2025 02:00:00 GMT+0700,ESTIMATED
PTCH ,10987143914,41934187,,VK-4,SMART,0.0104,368.7708,Sat Feb 15 2025 01:00:00 GMT+0700,ESTIMATED
PTCH ,10987143914,41934187,,VK-4,SMART,0.0104,368.7604,Sat Feb 15 2025 00:00:00 GMT+0700,ESTIMATED
PTCH ,10987143914,41934187,,VK-4,SMART,0.0417,368.75,Fri Feb 14 2025 23:00:00 GMT+0700,
PTCH ,10987143914,41934187,,VK-4,SMART,0.0369,368.7083,Fri Feb 14 2025 22:00:00 GMT+0700,ESTIMATED
PTCH ,10987143914,41934187,,VK-4,SMART,0.0369,368.6714,Fri Feb 14 2025 21:00:00 GMT+0700,ESTIMATED
PTCH ,10987143914,41934187,,VK-4,SMART,0.0369,368.6345,Fri Feb 14 2025 20:00:00 GMT+0700,ESTIMATED
PTCH ,10987143914,41934187,,VK-4,SMART,0.0369,368.5976,Fri Feb 14 2025 19:00:00 GMT+0700,ESTIMATED
PTCH ,10987143914,41934187,,VK-4,SMART,0.0369,368.5607,Fri Feb 14 2025 18:00:00 GMT+0700,ESTIMATED
PTCH ,10987143914,41934187,,VK-4,SMART,0.0369,368.5238,Fri Feb 14 2025 17:00:00 GMT+0700,ESTIMATED
PTCH ,10987143914,41934187,,VK-4,SMART,0.0369,368.4869,Fri Feb 14 2025 16:00:00 GMT+0700,ESTIMATED
PTCH ,10987143914,41934187,,VK-4,SMART,0.0317,368.45,Fri Feb 14 2025 15:00:00 GMT+0700,
PTCH ,10987143914,41934187,,VK-4,SMART,0.0421,368.4183,Fri Feb 14 2025 14:00:00 GMT+0700,ESTIMATED
PTCH ,10987143914,41934187,,VK-4,SMART,0.0421,368.3762,Fri Feb 14 2025 13:00:00 GMT+0700,ESTIMATED
PTCH ,10987143914,41934187,,VK-4,SMART,0.0421,368.3341,Fri Feb 14 2025 12:00:00 GMT+0700,ESTIMATED
PTCH ,10987143914,41934187,,VK-4,SMART,0.0421,368.292,Fri Feb 14 2025 11:00:00 GMT+0700,ESTIMATED
PTCH ,10987143914,41934187,,VK-4,SMART,0.0421,368.2499,Fri Feb 14 2025 10:00:00 GMT+0700,ESTIMATED
PTCH ,10987143914,41934187,,VK-4,SMART,0.0421,368.2078,Fri Feb 14 2025 09:00:00 GMT+0700,ESTIMATED
PTCH ,10987143914,41934187,,VK-4,SMART,0.0421,368.1657,Fri Feb 14 2025 08:00:00 GMT+0700,ESTIMATED
PTCH ,10987143914,41934187,,VK-4,SMART,0.0421,368.1236,Fri Feb 14 2025 07:00:00 GMT+0700,ESTIMATED
PTCH ,10987143914,41934187,,VK-4,SMART,0.0421,368.0815,Fri Feb 14 2025 06:00:00 GMT+0700,ESTIMATED
PTCH ,10987143914,41934187,,VK-4,SMART,0.0421,368.0394,Fri Feb 14 2025 05:00:00 GMT+0700,ESTIMATED
PTCH ,10987143914,41934187,,VK-4,SMART,0.0421,367.9973,Fri Feb 14 2025 04:00:00 GMT+0700,ESTIMATED
PTCH ,10987143914,41934187,,VK-4,SMART,0.0421,367.9552,Fri Feb 14 2025 03:00:00 GMT+0700,ESTIMATED
PTCH ,10987143914,41934187,,VK-4,SMART,0.0421,367.9131,Fri Feb 14 2025 02:00:00 GMT+0700,ESTIMATED
PTCH ,10987143914,41934187,,VK-4,SMART,0.0421,367.871,Fri Feb 14 2025 01:00:00 GMT+0700,ESTIMATED
PTCH ,10987143914,41934187,,VK-4,SMART,0.0421,367.8289,Fri Feb 14 2025 00:00:00 GMT+0700,ESTIMATED
PTCH ,10987143914,41934187,,VK-4,SMART,0.0421,367.7868,Thu Feb 13 2025 23:00:00 GMT+0700,ESTIMATED
PTCH ,10987143914,41934187,,VK-4,SMART,0.0421,367.7447,Thu Feb 13 2025 22:00:00 GMT+0700,ESTIMATED
PTCH ,10987143914,41934187,,VK-4,SMART,0.0421,367.7026,Thu Feb 13 2025 21:00:00 GMT+0700,ESTIMATED
PTCH ,10987143914,41934187,,VK-4,SMART,0.0421,367.6605,Thu Feb 13 2025 20:00:00 GMT+0700,ESTIMATED
PTCH ,10987143914,41934187,,VK-4,SMART,0.0421,367.6184,Thu Feb 13 2025 19:00:00 GMT+0700,ESTIMATED
PTCH ,10987143914,41934187,,VK-4,SMART,0.0421,367.5763,Thu Feb 13 2025 18:00:00 GMT+0700,ESTIMATED
PTCH ,10987143914,41934187,,VK-4,SMART,0.0421,367.5342,Thu Feb 13 2025 17:00:00 GMT+0700,ESTIMATED
PTCH ,10987143914,41934187,,VK-4,SMART,0.0421,367.4921,Thu Feb 13 2025 16:00:00 GMT+0700,ESTIMATED
PTCH ,10987143914,41934187,,VK-4,SMART,0.026,367.45,Thu Feb 13 2025 15:00:00 GMT+0700,
PTCH ,10987143914,41934187,,VK-4,SMART,0.052,367.424,Thu Feb 13 2025 14:00:00 GMT+0700,ESTIMATED
PTCH ,10987143914,41934187,,VK-4,SMART,0.052,367.372,Thu Feb 13 2025 13:00:00 GMT+0700,ESTIMATED
PTCH ,10987143914,41934187,,VK-4,SMART,0.052,367.32,Thu Feb 13 2025 12:00:00 GMT+0700,ESTIMATED
PTCH ,10987143914,41934187,,VK-4,SMART,0.052,367.268,Thu Feb 13 2025 11:00:00 GMT+0700,ESTIMATED
PTCH ,10987143914,41934187,,VK-4,SMART,0.052,367.216,Thu Feb 13 2025 10:00:00 GMT+0700,ESTIMATED
PTCH ,10987143914,41934187,,VK-4,SMART,0.052,367.164,Thu Feb 13 2025 09:00:00 GMT+0700,ESTIMATED
PTCH ,10987143914,41934187,,VK-4,SMART,0.052,367.112,Thu Feb 13 2025 08:00:00 GMT+0700,ESTIMATED
PTCH ,10987143914,41934187,,VK-4,SMART,0.0169,367.06,Thu Feb 13 2025 07:00:00 GMT+0700,
PTCH ,10987143914,41934187,,VK-4,SMART,0.0133,367.0431,Thu Feb 13 2025 06:00:00 GMT+0700,ESTIMATED
PTCH ,10987143914,41934187,,VK-4,SMART,0.0133,367.0298,Thu Feb 13 2025 05:00:00 GMT+0700,ESTIMATED
PTCH ,10987143914,41934187,,VK-4,SMART,0.0133,367.0165,Thu Feb 13 2025 04:00:00 GMT+0700,ESTIMATED
PTCH ,10987143914,41934187,,VK-4,SMART,0.0133,367.0032,Thu Feb 13 2025 03:00:00 GMT+0700,ESTIMATED
PTCH ,10987143914,41934187,,VK-4,SMART,0.0133,366.9899,Thu Feb 13 2025 02:00:00 GMT+0700,ESTIMATED
PTCH ,10987143914,41934187,,VK-4,SMART,0.0133,366.9766,Thu Feb 13 2025 01:00:00 GMT+0700,ESTIMATED
PTCH ,10987143914,41934187,,VK-4,SMART,0.0133,366.9633,Thu Feb 13 2025 00:00:00 GMT+0700,ESTIMATED
PTCH ,10987143914,41934187,,VK-4,SMART,0.0392,366.95,Wed Feb 12 2025 23:00:00 GMT+0700,
PTCH ,10987143914,41934187,,VK-4,SMART,0.0344,366.9108,Wed Feb 12 2025 22:00:00 GMT+0700,ESTIMATED
PTCH ,10987143914,41934187,,VK-4,SMART,0.0344,366.8764,Wed Feb 12 2025 21:00:00 GMT+0700,ESTIMATED
PTCH ,10987143914,41934187,,VK-4,SMART,0.0344,366.842,Wed Feb 12 2025 20:00:00 GMT+0700,ESTIMATED
PTCH ,10987143914,41934187,,VK-4,SMART,0.0344,366.8076,Wed Feb 12 2025 19:00:00 GMT+0700,ESTIMATED
PTCH ,10987143914,41934187,,VK-4,SMART,0.0344,366.7732,Wed Feb 12 2025 18:00:00 GMT+0700,ESTIMATED
PTCH ,10987143914,41934187,,VK-4,SMART,0.0344,366.7388,Wed Feb 12 2025 17:00:00 GMT+0700,ESTIMATED
PTCH ,10987143914,41934187,,VK-4,SMART,0.0344,366.7044,Wed Feb 12 2025 16:00:00 GMT+0700,ESTIMATED
PTCH ,10987143914,41934187,,VK-4,SMART,0.047,366.67,Wed Feb 12 2025 15:00:00 GMT+0700,
PTCH ,10987143914,41934187,,VK-4,SMART,0.0442,366.623,Wed Feb 12 2025 14:00:00 GMT+0700,ESTIMATED
PTCH ,10987143914,41934187,,VK-4,SMART,0.0442,366.5788,Wed Feb 12 2025 13:00:00 GMT+0700,ESTIMATED
PTCH ,10987143914,41934187,,VK-4,SMART,0.0442,366.5346,Wed Feb 12 2025 12:00:00 GMT+0700,ESTIMATED
PTCH ,10987143914,41934187,,VK-4,SMART,0.0442,366.4904,Wed Feb 12 2025 11:00:00 GMT+0700,ESTIMATED
PTCH ,10987143914,41934187,,VK-4,SMART,0.0442,366.4462,Wed Feb 12 2025 10:00:00 GMT+0700,ESTIMATED
PTCH ,10987143914,41934187,,VK-4,SMART,0.0442,366.402,Wed Feb 12 2025 09:00:00 GMT+0700,ESTIMATED
PTCH ,10987143914,41934187,,VK-4,SMART,0.0442,366.3578,Wed Feb 12 2025 08:00:00 GMT+0700,ESTIMATED
PTCH ,10987143914,41934187,,VK-4,SMART,0.0442,366.3136,Wed Feb 12 2025 07:00:00 GMT+0700,ESTIMATED
PTCH ,10987143914,41934187,,VK-4,SMART,0.0442,366.2694,Wed Feb 12 2025 06:00:00 GMT+0700,ESTIMATED
PTCH ,10987143914,41934187,,VK-4,SMART,0.0442,366.2252,Wed Feb 12 2025 05:00:00 GMT+0700,ESTIMATED
PTCH ,10987143914,41934187,,VK-4,SMART,0.0442,366.181,Wed Feb 12 2025 04:00:00 GMT+0700,ESTIMATED
PTCH ,10987143914,41934187,,VK-4,SMART,0.0442,366.1368,Wed Feb 12 2025 03:00:00 GMT+0700,ESTIMATED
PTCH ,10987143914,41934187,,VK-4,SMART,0.0442,366.0926,Wed Feb 12 2025 02:00:00 GMT+0700,ESTIMATED
PTCH ,10987143914,41934187,,VK-4,SMART,0.0442,366.0484,Wed Feb 12 2025 01:00:00 GMT+0700,ESTIMATED
PTCH ,10987143914,41934187,,VK-4,SMART,0.0442,366.0042,Wed Feb 12 2025 00:00:00 GMT+0700,ESTIMATED
PTCH ,10987143914,41934187,,VK-4,SMART,0.0621,365.96,Tue Feb 11 2025 23:00:00 GMT+0700,
PTCH ,10987143914,41934187,,VK-4,SMART,0.0497,365.8979,Tue Feb 11 2025 22:00:00 GMT+0700,ESTIMATED
PTCH ,10987143914,41934187,,VK-4,SMART,0.0497,365.8482,Tue Feb 11 2025 21:00:00 GMT+0700,ESTIMATED
PTCH ,10987143914,41934187,,VK-4,SMART,0.0497,365.7985,Tue Feb 11 2025 20:00:00 GMT+0700,ESTIMATED
PTCH ,10987143914,41934187,,VK-4,SMART,0.0497,365.7488,Tue Feb 11 2025 19:00:00 GMT+0700,ESTIMATED
PTCH ,10987143914,41934187,,VK-4,SMART,0.0497,365.6991,Tue Feb 11 2025 18:00:00 GMT+0700,ESTIMATED
PTCH ,10987143914,41934187,,VK-4,SMART,0.0497,365.6494,Tue Feb 11 2025 17:00:00 GMT+0700,ESTIMATED
PTCH ,10987143914,41934187,,VK-4,SMART,0.0497,365.5997,Tue Feb 11 2025 16:00:00 GMT+0700,ESTIMATED
PTCH ,10987143914,41934187,,VK-4,SMART,0.0351,365.55,Tue Feb 11 2025 15:00:00 GMT+0700,
PTCH ,10987143914,41934187,,VK-4,SMART,0.0507,365.5149,Tue Feb 11 2025 14:00:00 GMT+0700,ESTIMATED
PTCH ,10987143914,41934187,,VK-4,SMART,0.0507,365.4642,Tue Feb 11 2025 13:00:00 GMT+0700,ESTIMATED
PTCH ,10987143914,41934187,,VK-4,SMART,0.0507,365.4135,Tue Feb 11 2025 12:00:00 GMT+0700,ESTIMATED
PTCH ,10987143914,41934187,,VK-4,SMART,0.0507,365.3628,Tue Feb 11 2025 11:00:00 GMT+0700,ESTIMATED
PTCH ,10987143914,41934187,,VK-4,SMART,0.0507,365.3121,Tue Feb 11 2025 10:00:00 GMT+0700,ESTIMATED
PTCH ,10987143914,41934187,,VK-4,SMART,0.0507,365.2614,Tue Feb 11 2025 09:00:00 GMT+0700,ESTIMATED
PTCH ,10987143914,41934187,,VK-4,SMART,0.0507,365.2107,Tue Feb 11 2025 08:00:00 GMT+0700,ESTIMATED
PTCH ,10987143914,41934187,,VK-4,SMART,0.031,365.16,Tue Feb 11 2025 07:00:00 GMT+0700,
PTCH ,10987143914,41934187,,VK-4,SMART,0.0226,365.129,Tue Feb 11 2025 06:00:00 GMT+0700,ESTIMATED
PTCH ,10987143914,41934187,,VK-4,SMART,0.0226,365.1064,Tue Feb 11 2025 05:00:00 GMT+0700,ESTIMATED
PTCH ,10987143914,41934187,,VK-4,SMART,0.0226,365.0838,Tue Feb 11 2025 04:00:00 GMT+0700,ESTIMATED
PTCH ,10987143914,41934187,,VK-4,SMART,0.0226,365.0612,Tue Feb 11 2025 03:00:00 GMT+0700,ESTIMATED
PTCH ,10987143914,41934187,,VK-4,SMART,0.0226,365.0386,Tue Feb 11 2025 02:00:00 GMT+0700,ESTIMATED
PTCH ,10987143914,41934187,,VK-4,SMART,0.0226,365.016,Tue Feb 11 2025 01:00:00 GMT+0700,ESTIMATED
PTCH ,10987143914,41934187,,VK-4,SMART,0.0226,364.9934,Tue Feb 11 2025 00:00:00 GMT+0700,ESTIMATED
PTCH ,10987143914,41934187,,VK-4,SMART,0.0226,364.9708,Mon Feb 10 2025 23:00:00 GMT+0700,ESTIMATED
PTCH ,10987143914,41934187,,VK-4,SMART,0.0226,364.9482,Mon Feb 10 2025 22:00:00 GMT+0700,ESTIMATED
PTCH ,10987143914,41934187,,VK-4,SMART,0.0226,364.9256,Mon Feb 10 2025 21:00:00 GMT+0700,ESTIMATED
PTCH ,10987143914,41934187,,VK-4,SMART,0.0226,364.903,Mon Feb 10 2025 20:00:00 GMT+0700,ESTIMATED
PTCH ,10987143914,41934187,,VK-4,SMART,0.0226,364.8804,Mon Feb 10 2025 19:00:00 GMT+0700,ESTIMATED
PTCH ,10987143914,41934187,,VK-4,SMART,0.0226,364.8578,Mon Feb 10 2025 18:00:00 GMT+0700,ESTIMATED
PTCH ,10987143914,41934187,,VK-4,SMART,0.0226,364.8352,Mon Feb 10 2025 17:00:00 GMT+0700,ESTIMATED
PTCH ,10987143914,41934187,,VK-4,SMART,0.0226,364.8126,Mon Feb 10 2025 16:00:00 GMT+0700,ESTIMATED
PTCH ,10987143914,41934187,,VK-4,SMART,0.0344,364.79,Mon Feb 10 2025 15:00:00 GMT+0700,
PTCH ,10987143914,41934187,,VK-4,SMART,0.1008,364.7556,Mon Feb 10 2025 14:00:00 GMT+0700,ESTIMATED
PTCH ,10987143914,41934187,,VK-4,SMART,0.1008,364.6548,Mon Feb 10 2025 13:00:00 GMT+0700,ESTIMATED
PTCH ,10987143914,41934187,,VK-4,SMART,0.1008,364.554,Mon Feb 10 2025 12:00:00 GMT+0700,ESTIMATED
PTCH ,10987143914,41934187,,VK-4,SMART,0.1008,364.4532,Mon Feb 10 2025 11:00:00 GMT+0700,ESTIMATED
PTCH ,10987143914,41934187,,VK-4,SMART,0.1008,364.3524,Mon Feb 10 2025 10:00:00 GMT+0700,ESTIMATED
PTCH ,10987143914,41934187,,VK-4,SMART,0.1008,364.2516,Mon Feb 10 2025 09:00:00 GMT+0700,ESTIMATED
PTCH ,10987143914,41934187,,VK-4,SMART,0.1008,364.1508,Mon Feb 10 2025 08:00:00 GMT+0700,ESTIMATED
PTCH ,10987143914,41934187,,VK-4,SMART,0.0139,364.05,Mon Feb 10 2025 07:00:00 GMT+0700,
PTCH ,10987143914,41934187,,VK-4,SMART,0.0123,364.0361,Mon Feb 10 2025 06:00:00 GMT+0700,ESTIMATED
PTCH ,10987143914,41934187,,VK-4,SMART,0.0123,364.0238,Mon Feb 10 2025 05:00:00 GMT+0700,ESTIMATED
PTCH ,10987143914,41934187,,VK-4,SMART,0.0123,364.0115,Mon Feb 10 2025 04:00:00 GMT+0700,ESTIMATED
PTCH ,10987143914,41934187,,VK-4,SMART,0.0123,363.9992,Mon Feb 10 2025 03:00:00 GMT+0700,ESTIMATED
PTCH ,10987143914,41934187,,VK-4,SMART,0.0123,363.9869,Mon Feb 10 2025 02:00:00 GMT+0700,ESTIMATED
PTCH ,10987143914,41934187,,VK-4,SMART,0.0123,363.9746,Mon Feb 10 2025 01:00:00 GMT+0700,ESTIMATED
PTCH ,10987143914,41934187,,VK-4,SMART,0.0123,363.9623,Mon Feb 10 2025 00:00:00 GMT+0700,ESTIMATED
PTCH ,10987143914,41934187,,VK-4,SMART,0.051,363.95,Sun Feb 09 2025 23:00:00 GMT+0700,
PTCH ,10987143914,41934187,,VK-4,SMART,0.0406,363.899,Sun Feb 09 2025 22:00:00 GMT+0700,ESTIMATED
PTCH ,10987143914,41934187,,VK-4,SMART,0.0406,363.8584,Sun Feb 09 2025 21:00:00 GMT+0700,ESTIMATED
PTCH ,10987143914,41934187,,VK-4,SMART,0.0406,363.8178,Sun Feb 09 2025 20:00:00 GMT+0700,ESTIMATED
PTCH ,10987143914,41934187,,VK-4,SMART,0.0406,363.7772,Sun Feb 09 2025 19:00:00 GMT+0700,ESTIMATED
PTCH ,10987143914,41934187,,VK-4,SMART,0.0406,363.7366,Sun Feb 09 2025 18:00:00 GMT+0700,ESTIMATED
PTCH ,10987143914,41934187,,VK-4,SMART,0.0406,363.696,Sun Feb 09 2025 17:00:00 GMT+0700,ESTIMATED
PTCH ,10987143914,41934187,,VK-4,SMART,0.0406,363.6554,Sun Feb 09 2025 16:00:00 GMT+0700,ESTIMATED
PTCH ,10987143914,41934187,,VK-4,SMART,0.0406,363.6148,Sun Feb 09 2025 15:00:00 GMT+0700,ESTIMATED
PTCH ,10987143914,41934187,,VK-4,SMART,0.0406,363.5742,Sun Feb 09 2025 14:00:00 GMT+0700,ESTIMATED
PTCH ,10987143914,41934187,,VK-4,SMART,0.0406,363.5336,Sun Feb 09 2025 13:00:00 GMT+0700,ESTIMATED
PTCH ,10987143914,41934187,,VK-4,SMART,0.0406,363.493,Sun Feb 09 2025 12:00:00 GMT+0700,ESTIMATED
PTCH ,10987143914,41934187,,VK-4,SMART,0.0406,363.4524,Sun Feb 09 2025 11:00:00 GMT+0700,ESTIMATED
PTCH ,10987143914,41934187,,VK-4,SMART,0.0406,363.4118,Sun Feb 09 2025 10:00:00 GMT+0700,ESTIMATED
PTCH ,10987143914,41934187,,VK-4,SMART,0.0406,363.3712,Sun Feb 09 2025 09:00:00 GMT+0700,ESTIMATED
PTCH ,10987143914,41934187,,VK-4,SMART,0.0406,363.3306,Sun Feb 09 2025 08:00:00 GMT+0700,ESTIMATED
PTCH ,10987143914,41934187,,VK-4,SMART,0.0056,363.29,Sun Feb 09 2025 07:00:00 GMT+0700,
PTCH ,10987143914,41934187,,VK-4,SMART,0.0143,363.2844,Sun Feb 09 2025 06:00:00 GMT+0700,ESTIMATED
PTCH ,10987143914,41934187,,VK-4,SMART,0.0143,363.2701,Sun Feb 09 2025 05:00:00 GMT+0700,ESTIMATED
PTCH ,10987143914,41934187,,VK-4,SMART,0.0143,363.2558,Sun Feb 09 2025 04:00:00 GMT+0700,ESTIMATED
PTCH ,10987143914,41934187,,VK-4,SMART,0.0143,363.2415,Sun Feb 09 2025 03:00:00 GMT+0700,ESTIMATED
PTCH ,10987143914,41934187,,VK-4,SMART,0.0143,363.2272,Sun Feb 09 2025 02:00:00 GMT+0700,ESTIMATED
PTCH ,10987143914,41934187,,VK-4,SMART,0.0143,363.2129,Sun Feb 09 2025 01:00:00 GMT+0700,ESTIMATED
PTCH ,10987143914,41934187,,VK-4,SMART,0.0143,363.1986,Sun Feb 09 2025 00:00:00 GMT+0700,ESTIMATED
