Household owner,Household Code,Meter Serial,Meter position,Model,Type,Usage,Value,Last update,Status
PTCH ,10987143914,41934187,,VK-4,SMART,0.0856,375.52,Sat Feb 22 2025 23:00:00 GMT+0700,
PTCH ,10987143914,41934187,,VK-4,SMART,0.0492,375.4344,Sat Feb 22 2025 22:00:00 GMT+0700,ESTIMATED
PTCH ,10987143914,41934187,,VK-4,SMART,0.0492,375.3852,Sat Feb 22 2025 21:00:00 GMT+0700,ESTIMATED
PTCH ,10987143914,41934187,,VK-4,SMART,0.0492,375.336,Sat Feb 22 2025 20:00:00 GMT+0700,ESTIMATED
PTCH ,10987143914,41934187,,VK-4,SMART,0.0492,375.2868,Sat Feb 22 2025 19:00:00 GMT+0700,ESTIMATED
PTCH ,10987143914,41934187,,VK-4,SMART,0.0492,375.2376,Sat Feb 22 2025 18:00:00 GMT+0700,ESTIMATED
PTCH ,10987143914,41934187,,VK-4,SMART,0.0492,375.1884,Sat Feb 22 2025 17:00:00 GMT+0700,ESTIMATED
PTCH ,10987143914,41934187,,VK-4,SMART,0.0492,375.1392,Sat Feb 22 2025 16:00:00 GMT+0700,ESTIMATED
PTCH ,10987143914,41934187,,VK-4,SMART,0.0153,375.09,Sat Feb 22 2025 15:00:00 GMT+0700,
PTCH ,10987143914,41934187,,VK-4,SMART,0.0721,375.0747,Sat Feb 22 2025 14:00:00 GMT+0700,ESTIMATED
PTCH ,10987143914,41934187,,VK-4,SMART,0.0721,375.0026,Sat Feb 22 2025 13:00:00 GMT+0700,ESTIMATED
PTCH ,10987143914,41934187,,VK-4,SMART,0.0721,374.9305,Sat Feb 22 2025 12:00:00 GMT+0700,ESTIMATED
PTCH ,10987143914,41934187,,VK-4,SMART,0.0721,374.8584,Sat Feb 22 2025 11:00:00 GMT+0700,ESTIMATED
PTCH ,10987143914,41934187,,VK-4,SMART,0.0721,374.7863,Sat Feb 22 2025 10:00:00 GMT+0700,ESTIMATED
PTCH ,10987143914,41934187,,VK-4,SMART,0.0721,374.7142,Sat Feb 22 2025 09:00:00 GMT+0700,ESTIMATED
PTCH ,10987143914,41934187,,VK-4,SMART,0.0721,374.6421,Sat Feb 22 2025 08:00:00 GMT+0700,ESTIMATED
PTCH ,10987143914,41934187,,VK-4,SMART,0.008,374.57,Sat Feb 22 2025 07:00:00 GMT+0700,
PTCH ,10987143914,41934187,,VK-4,SMART,0.006,374.562,Sat Feb 22 2025 06:00:00 GMT+0700,ESTIMATED
PTCH ,10987143914,41934187,,VK-4,SMART,0.006,374.556,Sat Feb 22 2025 05:00:00 GMT+0700,ESTIMATED
PTCH ,10987143914,41934187,,VK-4,SMART,0.006,374.55,Sat Feb 22 2025 04:00:00 GMT+0700,ESTIMATED
PTCH ,10987143914,41934187,,VK-4,SMART,0.006,374.544,Sat Feb 22 2025 03:00:00 GMT+0700,ESTIMATED
PTCH ,10987143914,41934187,,VK-4,SMART,0.006,374.538,Sat Feb 22 2025 02:00:00 GMT+0700,ESTIMATED
PTCH ,10987143914,41934187,,VK-4,SMART,0.006,374.532,Sat Feb 22 2025 01:00:00 GMT+0700,ESTIMATED
PTCH ,10987143914,41934187,,VK-4,SMART,0.006,374.526,Sat Feb 22 2025 00:00:00 GMT+0700,ESTIMATED
PTCH ,10987143914,41934187,,VK-4,SMART,0.0577,374.52,Fri Feb 21 2025 23:00:00 GMT+0700,
PTCH ,10987143914,41934187,,VK-4,SMART,0.0589,374.4623,Fri Feb 21 2025 22:00:00 GMT+0700,ESTIMATED
PTCH ,10987143914,41934187,,VK-4,SMART,0.0589,374.4034,Fri Feb 21 2025 21:00:00 GMT+0700,ESTIMATED
PTCH ,10987143914,41934187,,VK-4,SMART,0.0589,374.3445,Fri Feb 21 2025 20:00:00 GMT+0700,ESTIMATED
PTCH ,10987143914,41934187,,VK-4,SMART,0.0589,374.2856,Fri Feb 21 2025 19:00:00 GMT+0700,ESTIMATED
PTCH ,10987143914,41934187,,VK-4,SMART,0.0589,374.2267,Fri Feb 21 2025 18:00:00 GMT+0700,ESTIMATED
PTCH ,10987143914,41934187,,VK-4,SMART,0.0589,374.1678,Fri Feb 21 2025 17:00:00 GMT+0700,ESTIMATED
PTCH ,10987143914,41934187,,VK-4,SMART,0.0589,374.1089,Fri Feb 21 2025 16:00:00 GMT+0700,ESTIMATED
PTCH ,10987143914,41934187,,VK-4,SMART,0.0358,374.05,Fri Feb 21 2025 15:00:00 GMT+0700,
PTCH ,10987143914,41934187,,VK-4,SMART,0.0506,374.0142,Fri Feb 21 2025 14:00:00 GMT+0700,ESTIMATED
PTCH ,10987143914,41934187,,VK-4,SMART,0.0506,373.9636,Fri Feb 21 2025 13:00:00 GMT+0700,ESTIMATED
PTCH ,10987143914,41934187,,VK-4,SMART,0.0506,373.913,Fri Feb 21 2025 12:00:00 GMT+0700,ESTIMATED
PTCH ,10987143914,41934187,,VK-4,SMART,0.0506,373.8624,Fri Feb 21 2025 11:00:00 GMT+0700,ESTIMATED
PTCH ,10987143914,41934187,,VK-4,SMART,0.0506,373.8118,Fri Feb 21 2025 10:00:00 GMT+0700,ESTIMATED
PTCH ,10987143914,41934187,,VK-4,SMART,0.0506,373.7612,Fri Feb 21 2025 09:00:00 GMT+0700,ESTIMATED
PTCH ,10987143914,41934187,,VK-4,SMART,0.0506,373.7106,Fri Feb 21 2025 08:00:00 GMT+0700,ESTIMATED
PTCH ,10987143914,41934187,,VK-4,SMART,0.0305,373.66,Fri Feb 21 2025 07:00:00 GMT+0700,
PTCH ,10987143914,41934187,,VK-4,SMART,0.0185,373.6295,Fri Feb 21 2025 06:00:00 GMT+0700,ESTIMATED
PTCH ,10987143914,41934187,,VK-4,SMART,0.0185,373.611,Fri Feb 21 2025 05:00:00 GMT+0700,ESTIMATED
PTCH ,10987143914,41934187,,VK-4,SMART,0.0185,373.5925,Fri Feb 21 2025 04:00:00 GMT+0700,ESTIMATED
PTCH ,10987143914,41934187,,VK-4,SMART,0.0185,373.574,Fri Feb 21 2025 03:00:00 GMT+0700,ESTIMATED
PTCH ,10987143914,41934187,,VK-4,SMART,0.0185,373.5555,Fri Feb 21 2025 02:00:00 GMT+0700,ESTIMATED
PTCH ,10987143914,41934187,,VK-4,SMART,0.0185,373.537,Fri Feb 21 2025 01:00:00 GMT+0700,ESTIMATED
PTCH ,10987143914,41934187,,VK-4,SMART,0.0185,373.5185,Fri Feb 21 2025 00:00:00 GMT+0700,ESTIMATED
PTCH ,10987143914,41934187,,VK-4,SMART,0.0072,373.5,Thu Feb 20 2025 23:00:00 GMT+0700,
PTCH ,10987143914,41934187,,VK-4,SMART,0.0333,373.4928,Thu Feb 20 2025 22:00:00 GMT+0700,ESTIMATED
PTCH ,10987143914,41934187,,VK-4,SMART,0.0333,373.4595,Thu Feb 20 2025 21:00:00 GMT+0700,ESTIMATED
PTCH ,10987143914,41934187,,VK-4,SMART,0.0333,373.4262,Thu Feb 20 2025 20:00:00 GMT+0700,ESTIMATED
PTCH ,10987143914,41934187,,VK-4,SMART,0.0333,373.3929,Thu Feb 20 2025 19:00:00 GMT+0700,ESTIMATED
PTCH ,10987143914,41934187,,VK-4,SMART,0.0333,373.3596,Thu Feb 20 2025 18:00:00 GMT+0700,ESTIMATED
PTCH ,10987143914,41934187,,VK-4,SMART,0.0333,373.3263,Thu Feb 20 2025 17:00:00 GMT+0700,ESTIMATED
PTCH ,10987143914,41934187,,VK-4,SMART,0.0333,373.293,Thu Feb 20 2025 16:00:00 GMT+0700,ESTIMATED
PTCH ,10987143914,41934187,,VK-4,SMART,0.0333,373.2597,Thu Feb 20 2025 15:00:00 GMT+0700,ESTIMATED
PTCH ,10987143914,41934187,,VK-4,SMART,0.0333,373.2264,Thu Feb 20 2025 14:00:00 GMT+0700,ESTIMATED
PTCH ,10987143914,41934187,,VK-4,SMART,0.0333,373.1931,Thu Feb 20 2025 13:00:00 GMT+0700,ESTIMATED
PTCH ,10987143914,41934187,,VK-4,SMART,0.0333,373.1598,Thu Feb 20 2025 12:00:00 GMT+0700,ESTIMATED
PTCH ,10987143914,41934187,,VK-4,SMART,0.0333,373.1265,Thu Feb 20 2025 11:00:00 GMT+0700,ESTIMATED
PTCH ,10987143914,41934187,,VK-4,SMART,0.0333,373.0932,Thu Feb 20 2025 10:00:00 GMT+0700,ESTIMATED
PTCH ,10987143914,41934187,,VK-4,SMART,0.0333,373.0599,Thu Feb 20 2025 09:00:00 GMT+0700,ESTIMATED
PTCH ,10987143914,41934187,,VK-4,SMART,0.0333,373.0266,Thu Feb 20 2025 08:00:00 GMT+0700,ESTIMATED
PTCH ,10987143914,41934187,,VK-4,SMART,0.0333,372.9933,Thu Feb 20 2025 07:00:00 GMT+0700,ESTIMATED
PTCH ,10987143914,41934187,,VK-4,SMART,0.0554,372.96,Thu Feb 20 2025 06:00:00 GMT+0700,
PTCH ,10987143914,41934187,,VK-4,SMART,0.0289,372.9046,Thu Feb 20 2025 05:00:00 GMT+0700,ESTIMATED
PTCH ,10987143914,41934187,,VK-4,SMART,0.0289,372.8757,Thu Feb 20 2025 04:00:00 GMT+0700,ESTIMATED
PTCH ,10987143914,41934187,,VK-4,SMART,0.0289,372.8468,Thu Feb 20 2025 03:00:00 GMT+0700,ESTIMATED
PTCH ,10987143914,41934187,,VK-4,SMART,0.0289,372.8179,Thu Feb 20 2025 02:00:00 GMT+0700,ESTIMATED
PTCH ,10987143914,41934187,,VK-4,SMART,0.0289,372.789,Thu Feb 20 2025 01:00:00 GMT+0700,ESTIMATED
PTCH ,10987143914,41934187,,VK-4,SMART,0.0289,372.7601,Thu Feb 20 2025 00:00:00 GMT+0700,ESTIMATED
PTCH ,10987143914,41934187,,VK-4,SMART,0.0289,372.7312,Wed Feb 19 2025 23:00:00 GMT+0700,ESTIMATED
PTCH ,10987143914,41934187,,VK-4,SMART,0.0289,372.7023,Wed Feb 19 2025 22:00:00 GMT+0700,ESTIMATED
PTCH ,10987143914,41934187,,VK-4,SMART,0.0289,372.6734,Wed Feb 19 2025 21:00:00 GMT+0700,ESTIMATED
PTCH ,10987143914,41934187,,VK-4,SMART,0.0289,372.6445,Wed Feb 19 2025 20:00:00 GMT+0700,ESTIMATED
PTCH ,10987143914,41934187,,VK-4,SMART,0.0289,372.6156,Wed Feb 19 2025 19:00:00 GMT+0700,ESTIMATED
PTCH ,10987143914,41934187,,VK-4,SMART,0.0289,372.5867,Wed Feb 19 2025 18:00:00 GMT+0700,ESTIMATED
PTCH ,10987143914,41934187,,VK-4,SMART,0.0289,372.5578,Wed Feb 19 2025 17:00:00 GMT+0700,ESTIMATED
PTCH ,10987143914,41934187,,VK-4,SMART,0.0289,372.5289,Wed Feb 19 2025 16:00:00 GMT+0700,ESTIMATED
PTCH ,10987143914,41934187,,VK-4,SMART,0.0185,372.5,Wed Feb 19 2025 15:00:00 GMT+0700,
PTCH ,10987143914,41934187,,VK-4,SMART,0.0545,372.4815,Wed Feb 19 2025 14:00:00 GMT+0700,ESTIMATED
PTCH ,10987143914,41934187,,VK-4,SMART,0.0545,372.427,Wed Feb 19 2025 13:00:00 GMT+0700,ESTIMATED
PTCH ,10987143914,41934187,,VK-4,SMART,0.0545,372.3725,Wed Feb 19 2025 12:00:00 GMT+0700,ESTIMATED
PTCH ,10987143914,41934187,,VK-4,SMART,0.0545,372.318,Wed Feb 19 2025 11:00:00 GMT+0700,ESTIMATED
PTCH ,10987143914,41934187,,VK-4,SMART,0.0545,372.2635,Wed Feb 19 2025 10:00:00 GMT+0700,ESTIMATED
PTCH ,10987143914,41934187,,VK-4,SMART,0.0545,372.209,Wed Feb 19 2025 09:00:00 GMT+0700,ESTIMATED
PTCH ,10987143914,41934187,,VK-4,SMART,0.0545,372.1545,Wed Feb 19 2025 08:00:00 GMT+0700,ESTIMATED
PTCH ,10987143914,41934187,,VK-4,SMART,0.0098,372.1,Wed Feb 19 2025 07:00:00 GMT+0700,
PTCH ,10987143914,41934187,,VK-4,SMART,0.0086,372.0902,Wed Feb 19 2025 06:00:00 GMT+0700,ESTIMATED
PTCH ,10987143914,41934187,,VK-4,SMART,0.0086,372.0816,Wed Feb 19 2025 05:00:00 GMT+0700,ESTIMATED
PTCH ,10987143914,41934187,,VK-4,SMART,0.0086,372.073,Wed Feb 19 2025 04:00:00 GMT+0700,ESTIMATED
PTCH ,10987143914,41934187,,VK-4,SMART,0.0086,372.0644,Wed Feb 19 2025 03:00:00 GMT+0700,ESTIMATED
PTCH ,10987143914,41934187,,VK-4,SMART,0.0086,372.0558,Wed Feb 19 2025 02:00:00 GMT+0700,ESTIMATED
PTCH ,10987143914,41934187,,VK-4,SMART,0.0086,372.0472,Wed Feb 19 2025 01:00:00 GMT+0700,ESTIMATED
PTCH ,10987143914,41934187,,VK-4,SMART,0.0086,372.0386,Wed Feb 19 2025 00:00:00 GMT+0700,ESTIMATED
PTCH ,10987143914,41934187,,VK-4,SMART,0.012,372.03,Tue Feb 18 2025 23:00:00 GMT+0700,
PTCH ,10987143914,41934187,,VK-4,SMART,0.021,372.018,Tue Feb 18 2025 22:00:00 GMT+0700,ESTIMATED
PTCH ,10987143914,41934187,,VK-4,SMART,0.021,371.997,Tue Feb 18 2025 21:00:00 GMT+0700,ESTIMATED
PTCH ,10987143914,41934187,,VK-4,SMART,0.021,371.976,Tue Feb 18 2025 20:00:00 GMT+0700,ESTIMATED
PTCH ,10987143914,41934187,,VK-4,SMART,0.021,371.955,Tue Feb 18 2025 19:00:00 GMT+0700,ESTIMATED
PTCH ,10987143914,41934187,,VK-4,SMART,0.021,371.934,Tue Feb 18 2025 18:00:00 GMT+0700,ESTIMATED
PTCH ,10987143914,41934187,,VK-4,SMART,0.021,371.913,Tue Feb 18 2025 17:00:00 GMT+0700,ESTIMATED
PTCH ,10987143914,41934187,,VK-4,SMART,0.021,371.892,Tue Feb 18 2025 16:00:00 GMT+0700,ESTIMATED
PTCH ,10987143914,41934187,,VK-4,SMART,0.021,371.871,Tue Feb 18 2025 15:00:00 GMT+0700,ESTIMATED
PTCH ,10987143914,41934187,,VK-4,SMART,0.0466,371.85,Tue Feb 18 2025 14:00:00 GMT+0700,
PTCH ,10987143914,41934187,,VK-4,SMART,0.0389,371.8034,Tue Feb 18 2025 13:00:00 GMT+0700,ESTIMATED
PTCH ,10987143914,41934187,,VK-4,SMART,0.0389,371.7645,Tue Feb 18 2025 12:00:00 GMT+0700,ESTIMATED
PTCH ,10987143914,41934187,,VK-4,SMART,0.0389,371.7256,Tue Feb 18 2025 11:00:00 GMT+0700,ESTIMATED
PTCH ,10987143914,41934187,,VK-4,SMART,0.0389,371.6867,Tue Feb 18 2025 10:00:00 GMT+0700,ESTIMATED
PTCH ,10987143914,41934187,,VK-4,SMART,0.0389,371.6478,Tue Feb 18 2025 09:00:00 GMT+0700,ESTIMATED
PTCH ,10987143914,41934187,,VK-4,SMART,0.0389,371.6089,Tue Feb 18 2025 08:00:00 GMT+0700,ESTIMATED
PTCH ,10987143914,41934187,,VK-4,SMART,0.013,371.57,Tue Feb 18 2025 07:00:00 GMT+0700,
PTCH ,10987143914,41934187,,VK-4,SMART,0.011,371.557,Tue Feb 18 2025 06:00:00 GMT+0700,ESTIMATED
PTCH ,10987143914,41934187,,VK-4,SMART,0.011,371.546,Tue Feb 18 2025 05:00:00 GMT+0700,ESTIMATED
PTCH ,10987143914,41934187,,VK-4,SMART,0.011,371.535,Tue Feb 18 2025 04:00:00 GMT+0700,ESTIMATED
PTCH ,10987143914,41934187,,VK-4,SMART,0.011,371.524,Tue Feb 18 2025 03:00:00 GMT+0700,ESTIMATED
PTCH ,10987143914,41934187,,VK-4,SMART,0.011,371.513,Tue Feb 18 2025 02:00:00 GMT+0700,ESTIMATED
PTCH ,10987143914,41934187,,VK-4,SMART,0.011,371.502,Tue Feb 18 2025 01:00:00 GMT+0700,ESTIMATED
PTCH ,10987143914,41934187,,VK-4,SMART,0.011,371.491,Tue Feb 18 2025 00:00:00 GMT+0700,ESTIMATED
PTCH ,10987143914,41934187,,VK-4,SMART,0.0288,371.48,Mon Feb 17 2025 23:00:00 GMT+0700,
PTCH ,10987143914,41934187,,VK-4,SMART,0.0414,371.4512,Mon Feb 17 2025 22:00:00 GMT+0700,ESTIMATED
PTCH ,10987143914,41934187,,VK-4,SMART,0.0414,371.4098,Mon Feb 17 2025 21:00:00 GMT+0700,ESTIMATED
PTCH ,10987143914,41934187,,VK-4,SMART,0.0414,371.3684,Mon Feb 17 2025 20:00:00 GMT+0700,ESTIMATED
PTCH ,10987143914,41934187,,VK-4,SMART,0.0414,371.327,Mon Feb 17 2025 19:00:00 GMT+0700,ESTIMATED
PTCH ,10987143914,41934187,,VK-4,SMART,0.0414,371.2856,Mon Feb 17 2025 18:00:00 GMT+0700,ESTIMATED
PTCH ,10987143914,41934187,,VK-4,SMART,0.0414,371.2442,Mon Feb 17 2025 17:00:00 GMT+0700,ESTIMATED
PTCH ,10987143914,41934187,,VK-4,SMART,0.0414,371.2028,Mon Feb 17 2025 16:00:00 GMT+0700,ESTIMATED
PTCH ,10987143914,41934187,,VK-4,SMART,0.0414,371.1614,Mon Feb 17 2025 15:00:00 GMT+0700,ESTIMATED
PTCH ,10987143914,41934187,,VK-4,SMART,0.134,371.12,Mon Feb 17 2025 14:00:00 GMT+0700,
PTCH ,10987143914,41934187,,VK-4,SMART,0.076,370.986,Mon Feb 17 2025 13:00:00 GMT+0700,ESTIMATED
PTCH ,10987143914,41934187,,VK-4,SMART,0.076,370.91,Mon Feb 17 2025 12:00:00 GMT+0700,ESTIMATED
PTCH ,10987143914,41934187,,VK-4,SMART,0.076,370.834,Mon Feb 17 2025 11:00:00 GMT+0700,ESTIMATED
PTCH ,10987143914,41934187,,VK-4,SMART,0.076,370.758,Mon Feb 17 2025 10:00:00 GMT+0700,ESTIMATED
PTCH ,10987143914,41934187,,VK-4,SMART,0.076,370.682,Mon Feb 17 2025 09:00:00 GMT+0700,ESTIMATED
PTCH ,10987143914,41934187,,VK-4,SMART,0.076,370.606,Mon Feb 17 2025 08:00:00 GMT+0700,ESTIMATED
PTCH ,10987143914,41934187,,VK-4,SMART,0.028,370.53,Mon Feb 17 2025 07:00:00 GMT+0700,
PTCH ,10987143914,41934187,,VK-4,SMART,0.036,370.502,Mon Feb 17 2025 06:00:00 GMT+0700,ESTIMATED
PTCH ,10987143914,41934187,,VK-4,SMART,0.036,370.466,Mon Feb 17 2025 05:00:00 GMT+0700,ESTIMATED
PTCH ,10987143914,41934187,,VK-4,SMART,0.036,370.43,Mon Feb 17 2025 04:00:00 GMT+0700,ESTIMATED
PTCH ,10987143914,41934187,,VK-4,SMART,0.036,370.394,Mon Feb 17 2025 03:00:00 GMT+0700,ESTIMATED
PTCH ,10987143914,41934187,,VK-4,SMART,0.036,370.358,Mon Feb 17 2025 02:00:00 GMT+0700,ESTIMATED
PTCH ,10987143914,41934187,,VK-4,SMART,0.036,370.322,Mon Feb 17 2025 01:00:00 GMT+0700,ESTIMATED
PTCH ,10987143914,41934187,,VK-4,SMART,0.036,370.286,Mon Feb 17 2025 00:00:00 GMT+0700,ESTIMATED
PTCH ,10987143914,41934187,,VK-4,SMART,0.0494,370.25,Sun Feb 16 2025 23:00:00 GMT+0700,
PTCH ,10987143914,41934187,,VK-4,SMART,0.0358,370.2006,Sun Feb 16 2025 22:00:00 GMT+0700,ESTIMATED
PTCH ,10987143914,41934187,,VK-4,SMART,0.0358,370.1648,Sun Feb 16 2025 21:00:00 GMT+0700,ESTIMATED
PTCH ,10987143914,41934187,,VK-4,SMART,0.0358,370.129,Sun Feb 16 2025 20:00:00 GMT+0700,ESTIMATED
PTCH ,10987143914,41934187,,VK-4,SMART,0.0358,370.0932,Sun Feb 16 2025 19:00:00 GMT+0700,ESTIMATED
PTCH ,10987143914,41934187,,VK-4,SMART,0.0358,370.0574,Sun Feb 16 2025 18:00:00 GMT+0700,ESTIMATED
PTCH ,10987143914,41934187,,VK-4,SMART,0.0358,370.0216,Sun Feb 16 2025 17:00:00 GMT+0700,ESTIMATED
PTCH ,10987143914,41934187,,VK-4,SMART,0.0358,369.9858,Sun Feb 16 2025 16:00:00 GMT+0700,ESTIMATED
PTCH ,10987143914,41934187,,VK-4,SMART,0.0022,369.95,Sun Feb 16 2025 15:00:00 GMT+0700,
PTCH ,10987143914,41934187,,VK-4,SMART,0.0054,369.9478,Sun Feb 16 2025 14:00:00 GMT+0700,ESTIMATED
PTCH ,10987143914,41934187,,VK-4,SMART,0.0054,369.9424,Sun Feb 16 2025 13:00:00 GMT+0700,ESTIMATED
PTCH ,10987143914,41934187,,VK-4,SMART,0.0054,369.937,Sun Feb 16 2025 12:00:00 GMT+0700,ESTIMATED
PTCH ,10987143914,41934187,,VK-4,SMART,0.0054,369.9316,Sun Feb 16 2025 11:00:00 GMT+0700,ESTIMATED
PTCH ,10987143914,41934187,,VK-4,SMART,0.0054,369.9262,Sun Feb 16 2025 10:00:00 GMT+0700,ESTIMATED
PTCH ,10987143914,41934187,,VK-4,SMART,0.0054,369.9208,Sun Feb 16 2025 09:00:00 GMT+0700,ESTIMATED
PTCH ,10987143914,41934187,,VK-4,SMART,0.0054,369.9154,Sun Feb 16 2025 08:00:00 GMT+0700,ESTIMATED
PTCH ,10987143914,41934187,,VK-4,SMART,0.069,369.91,Sun Feb 16 2025 07:00:00 GMT+0700,
PTCH ,10987143914,41934187,,VK-4,SMART,0.0474,369.841,Sun Feb 16 2025 06:00:00 GMT+0700,ESTIMATED
PTCH ,10987143914,41934187,,VK-4,SMART,0.0474,369.7936,Sun Feb 16 2025 05:00:00 GMT+0700,ESTIMATED
PTCH ,10987143914,41934187,,VK-4,SMART,0.0474,369.7462,Sun Feb 16 2025 04:00:00 GMT+0700,ESTIMATED
PTCH ,10987143914,41934187,,VK-4,SMART,0.0474,369.6988,Sun Feb 16 2025 03:00:00 GMT+0700,ESTIMATED
PTCH ,10987143914,41934187,,VK-4,SMART,0.0474,369.6514,Sun Feb 16 2025 02:00:00 GMT+0700,ESTIMATED
PTCH ,10987143914,41934187,,VK-4,SMART,0.0474,369.604,Sun Feb 16 2025 01:00:00 GMT+0700,ESTIMATED
PTCH ,10987143914,41934187,,VK-4,SMART,0.0474,369.5566,Sun Feb 16 2025 00:00:00 GMT+0700,ESTIMATED
