Household owner,Household Code,Meter Serial,Meter position,Model,Type,Usage,Value,Last update,Status
PTCH ,10987143914,41934187,,VK-4,SMART,0.0143,363.1843,Sat Feb 08 2025 23:00:00 GMT+0700,ESTIMATED
PTCH ,10987143914,41934187,,VK-4,SMART,0.0382,363.17,Sat Feb 08 2025 22:00:00 GMT+0700,
PTCH ,10987143914,41934187,,VK-4,SMART,0.0317,363.1318,Sat Feb 08 2025 21:00:00 GMT+0700,ESTIMATED
PTCH ,10987143914,41934187,,VK-4,SMART,0.0317,363.1001,Sat Feb 08 2025 20:00:00 GMT+0700,ESTIMATED
PTCH ,10987143914,41934187,,VK-4,SMART,0.0317,363.0684,Sat Feb 08 2025 19:00:00 GMT+0700,ESTIMATED
PTCH ,10987143914,41934187,,VK-4,SMART,0.0317,363.0367,Sat Feb 08 2025 18:00:00 GMT+0700,ESTIMATED
PTCH ,10987143914,41934187,,VK-4,SMART,0.0317,363.005,Sat Feb 08 2025 17:00:00 GMT+0700,ESTIMATED
PTCH ,10987143914,41934187,,VK-4,SMART,0.0317,362.9733,Sat Feb 08 2025 16:00:00 GMT+0700,ESTIMATED
PTCH ,10987143914,41934187,,VK-4,SMART,0.0317,362.9416,Sat Feb 08 2025 15:00:00 GMT+0700,ESTIMATED
PTCH ,10987143914,41934187,,VK-4,SMART,0.0317,362.9099,Sat Feb 08 2025 14:00:00 GMT+0700,ESTIMATED
PTCH ,10987143914,41934187,,VK-4,SMART,0.0317,362.8782,Sat Feb 08 2025 13:00:00 GMT+0700,ESTIMATED
PTCH ,10987143914,41934187,,VK-4,SMART,0.0317,362.8465,Sat Feb 08 2025 12:00:00 GMT+0700,ESTIMATED
PTCH ,10987143914,41934187,,VK-4,SMART,0.0317,362.8148,Sat Feb 08 2025 11:00:00 GMT+0700,ESTIMATED
PTCH ,10987143914,41934187,,VK-4,SMART,0.0317,362.7831,Sat Feb 08 2025 10:00:00 GMT+0700,ESTIMATED
PTCH ,10987143914,41934187,,VK-4,SMART,0.0317,362.7514,Sat Feb 08 2025 09:00:00 GMT+0700,ESTIMATED
PTCH ,10987143914,41934187,,VK-4,SMART,0.0317,362.7197,Sat Feb 08 2025 08:00:00 GMT+0700,ESTIMATED
PTCH ,10987143914,41934187,,VK-4,SMART,0.0317,362.688,Sat Feb 08 2025 07:00:00 GMT+0700,ESTIMATED
PTCH ,10987143914,41934187,,VK-4,SMART,0.0317,362.6563,Sat Feb 08 2025 06:00:00 GMT+0700,ESTIMATED
PTCH ,10987143914,41934187,,VK-4,SMART,0.0317,362.6246,Sat Feb 08 2025 05:00:00 GMT+0700,ESTIMATED
PTCH ,10987143914,41934187,,VK-4,SMART,0.0317,362.5929,Sat Feb 08 2025 04:00:00 GMT+0700,ESTIMATED
PTCH ,10987143914,41934187,,VK-4,SMART,0.0317,362.5612,Sat Feb 08 2025 03:00:00 GMT+0700,ESTIMATED
PTCH ,10987143914,41934187,,VK-4,SMART,0.0317,362.5295,Sat Feb 08 2025 02:00:00 GMT+0700,ESTIMATED
PTCH ,10987143914,41934187,,VK-4,SMART,0.0317,362.4978,Sat Feb 08 2025 01:00:00 GMT+0700,ESTIMATED
PTCH ,10987143914,41934187,,VK-4,SMART,0.0317,362.4661,Sat Feb 08 2025 00:00:00 GMT+0700,ESTIMATED
PTCH ,10987143914,41934187,,VK-4,SMART,0.0317,362.4344,Fri Feb 07 2025 23:00:00 GMT+0700,ESTIMATED
PTCH ,10987143914,41934187,,VK-4,SMART,0.0317,362.4027,Fri Feb 07 2025 22:00:00 GMT+0700,ESTIMATED
PTCH ,10987143914,41934187,,VK-4,SMART,0.0317,362.371,Fri Feb 07 2025 21:00:00 GMT+0700,ESTIMATED
PTCH ,10987143914,41934187,,VK-4,SMART,0.0317,362.3393,Fri Feb 07 2025 20:00:00 GMT+0700,ESTIMATED
PTCH ,10987143914,41934187,,VK-4,SMART,0.0317,362.3076,Fri Feb 07 2025 19:00:00 GMT+0700,ESTIMATED
PTCH ,10987143914,41934187,,VK-4,SMART,0.0317,362.2759,Fri Feb 07 2025 18:00:00 GMT+0700,ESTIMATED
PTCH ,10987143914,41934187,,VK-4,SMART,0.0317,362.2442,Fri Feb 07 2025 17:00:00 GMT+0700,ESTIMATED
PTCH ,10987143914,41934187,,VK-4,SMART,0.0317,362.2125,Fri Feb 07 2025 16:00:00 GMT+0700,ESTIMATED
PTCH ,10987143914,41934187,,VK-4,SMART,0.0317,362.1808,Fri Feb 07 2025 15:00:00 GMT+0700,ESTIMATED
PTCH ,10987143914,41934187,,VK-4,SMART,0.0317,362.1491,Fri Feb 07 2025 14:00:00 GMT+0700,ESTIMATED
PTCH ,10987143914,41934187,,VK-4,SMART,0.0317,362.1174,Fri Feb 07 2025 13:00:00 GMT+0700,ESTIMATED
PTCH ,10987143914,41934187,,VK-4,SMART,0.0317,362.0857,Fri Feb 07 2025 12:00:00 GMT+0700,ESTIMATED
PTCH ,10987143914,41934187,,VK-4,SMART,0.0317,362.054,Fri Feb 07 2025 11:00:00 GMT+0700,ESTIMATED
PTCH ,10987143914,41934187,,VK-4,SMART,0.0317,362.0223,Fri Feb 07 2025 10:00:00 GMT+0700,ESTIMATED
PTCH ,10987143914,41934187,,VK-4,SMART,0.0317,361.9906,Fri Feb 07 2025 09:00:00 GMT+0700,ESTIMATED
PTCH ,10987143914,41934187,,VK-4,SMART,0.0317,361.9589,Fri Feb 07 2025 08:00:00 GMT+0700,ESTIMATED
PTCH ,10987143914,41934187,,VK-4,SMART,0.0317,361.9272,Fri Feb 07 2025 07:00:00 GMT+0700,ESTIMATED
PTCH ,10987143914,41934187,,VK-4,SMART,0.0317,361.8955,Fri Feb 07 2025 06:00:00 GMT+0700,ESTIMATED
PTCH ,10987143914,41934187,,VK-4,SMART,0.0317,361.8638,Fri Feb 07 2025 05:00:00 GMT+0700,ESTIMATED
PTCH ,10987143914,41934187,,VK-4,SMART,0.0317,361.8321,Fri Feb 07 2025 04:00:00 GMT+0700,ESTIMATED
PTCH ,10987143914,41934187,,VK-4,SMART,0.0317,361.8004,Fri Feb 07 2025 03:00:00 GMT+0700,ESTIMATED
PTCH ,10987143914,41934187,,VK-4,SMART,0.0317,361.7687,Fri Feb 07 2025 02:00:00 GMT+0700,ESTIMATED
PTCH ,10987143914,41934187,,VK-4,SMART,0.0317,361.737,Fri Feb 07 2025 01:00:00 GMT+0700,ESTIMATED
PTCH ,10987143914,41934187,,VK-4,SMART,0.0317,361.7053,Fri Feb 07 2025 00:00:00 GMT+0700,ESTIMATED
PTCH ,10987143914,41934187,,VK-4,SMART,0.0317,361.6736,Thu Feb 06 2025 23:00:00 GMT+0700,ESTIMATED
PTCH ,10987143914,41934187,,VK-4,SMART,0.0317,361.6419,Thu Feb 06 2025 22:00:00 GMT+0700,ESTIMATED
PTCH ,10987143914,41934187,,VK-4,SMART,0.0317,361.6102,Thu Feb 06 2025 21:00:00 GMT+0700,ESTIMATED
PTCH ,10987143914,41934187,,VK-4,SMART,0.0317,361.5785,Thu Feb 06 2025 20:00:00 GMT+0700,ESTIMATED
PTCH ,10987143914,41934187,,VK-4,SMART,0.0317,361.5468,Thu Feb 06 2025 19:00:00 GMT+0700,ESTIMATED
PTCH ,10987143914,41934187,,VK-4,SMART,0.0317,361.5151,Thu Feb 06 2025 18:00:00 GMT+0700,ESTIMATED
PTCH ,10987143914,41934187,,VK-4,SMART,0.0317,361.4834,Thu Feb 06 2025 17:00:00 GMT+0700,ESTIMATED
PTCH ,10987143914,41934187,,VK-4,SMART,0.0317,361.4517,Thu Feb 06 2025 16:00:00 GMT+0700,ESTIMATED
PTCH ,10987143914,41934187,,VK-4,SMART,0.1329,361.42,Thu Feb 06 2025 15:00:00 GMT+0700,
PTCH ,10987143914,41934187,,VK-4,SMART,0.0753,361.2871,Thu Feb 06 2025 14:00:00 GMT+0700,ESTIMATED
PTCH ,10987143914,41934187,,VK-4,SMART,0.0753,361.2118,Thu Feb 06 2025 13:00:00 GMT+0700,ESTIMATED
PTCH ,10987143914,41934187,,VK-4,SMART,0.0753,361.1365,Thu Feb 06 2025 12:00:00 GMT+0700,ESTIMATED
PTCH ,10987143914,41934187,,VK-4,SMART,0.0753,361.0612,Thu Feb 06 2025 11:00:00 GMT+0700,ESTIMATED
PTCH ,10987143914,41934187,,VK-4,SMART,0.0753,360.9859,Thu Feb 06 2025 10:00:00 GMT+0700,ESTIMATED
PTCH ,10987143914,41934187,,VK-4,SMART,0.0753,360.9106,Thu Feb 06 2025 09:00:00 GMT+0700,ESTIMATED
PTCH ,10987143914,41934187,,VK-4,SMART,0.0753,360.8353,Thu Feb 06 2025 08:00:00 GMT+0700,ESTIMATED
PTCH ,10987143914,41934187,,VK-4,SMART,0.0038,360.76,Thu Feb 06 2025 07:00:00 GMT+0700,
PTCH ,10987143914,41934187,,VK-4,SMART,0.0066,360.7562,Thu Feb 06 2025 06:00:00 GMT+0700,ESTIMATED
PTCH ,10987143914,41934187,,VK-4,SMART,0.0066,360.7496,Thu Feb 06 2025 05:00:00 GMT+0700,ESTIMATED
PTCH ,10987143914,41934187,,VK-4,SMART,0.0066,360.743,Thu Feb 06 2025 04:00:00 GMT+0700,ESTIMATED
PTCH ,10987143914,41934187,,VK-4,SMART,0.0066,360.7364,Thu Feb 06 2025 03:00:00 GMT+0700,ESTIMATED
PTCH ,10987143914,41934187,,VK-4,SMART,0.0066,360.7298,Thu Feb 06 2025 02:00:00 GMT+0700,ESTIMATED
PTCH ,10987143914,41934187,,VK-4,SMART,0.0066,360.7232,Thu Feb 06 2025 01:00:00 GMT+0700,ESTIMATED
PTCH ,10987143914,41934187,,VK-4,SMART,0.0066,360.7166,Thu Feb 06 2025 00:00:00 GMT+0700,ESTIMATED
PTCH ,10987143914,41934187,,VK-4,SMART,0.0211,360.71,Wed Feb 05 2025 23:00:00 GMT+0700,
PTCH ,10987143914,41934187,,VK-4,SMART,0.0327,360.6889,Wed Feb 05 2025 22:00:00 GMT+0700,ESTIMATED
PTCH ,10987143914,41934187,,VK-4,SMART,0.0327,360.6562,Wed Feb 05 2025 21:00:00 GMT+0700,ESTIMATED
PTCH ,10987143914,41934187,,VK-4,SMART,0.0327,360.6235,Wed Feb 05 2025 20:00:00 GMT+0700,ESTIMATED
PTCH ,10987143914,41934187,,VK-4,SMART,0.0327,360.5908,Wed Feb 05 2025 19:00:00 GMT+0700,ESTIMATED
PTCH ,10987143914,41934187,,VK-4,SMART,0.0327,360.5581,Wed Feb 05 2025 18:00:00 GMT+0700,ESTIMATED
PTCH ,10987143914,41934187,,VK-4,SMART,0.0327,360.5254,Wed Feb 05 2025 17:00:00 GMT+0700,ESTIMATED
PTCH ,10987143914,41934187,,VK-4,SMART,0.0327,360.4927,Wed Feb 05 2025 16:00:00 GMT+0700,ESTIMATED
PTCH ,10987143914,41934187,,VK-4,SMART,0.0917,360.46,Wed Feb 05 2025 15:00:00 GMT+0700,
PTCH ,10987143914,41934187,,VK-4,SMART,0.0669,360.3683,Wed Feb 05 2025 14:00:00 GMT+0700,ESTIMATED
PTCH ,10987143914,41934187,,VK-4,SMART,0.0669,360.3014,Wed Feb 05 2025 13:00:00 GMT+0700,ESTIMATED
PTCH ,10987143914,41934187,,VK-4,SMART,0.0669,360.2345,Wed Feb 05 2025 12:00:00 GMT+0700,ESTIMATED
PTCH ,10987143914,41934187,,VK-4,SMART,0.0669,360.1676,Wed Feb 05 2025 11:00:00 GMT+0700,ESTIMATED
PTCH ,10987143914,41934187,,VK-4,SMART,0.0669,360.1007,Wed Feb 05 2025 10:00:00 GMT+0700,ESTIMATED
PTCH ,10987143914,41934187,,VK-4,SMART,0.0669,360.0338,Wed Feb 05 2025 09:00:00 GMT+0700,ESTIMATED
PTCH ,10987143914,41934187,,VK-4,SMART,0.0669,359.9669,Wed Feb 05 2025 08:00:00 GMT+0700,ESTIMATED
PTCH ,10987143914,41934187,,VK-4,SMART,0.0112,359.9,Wed Feb 05 2025 07:00:00 GMT+0700,
PTCH ,10987143914,41934187,,VK-4,SMART,0.0243,359.8888,Wed Feb 05 2025 06:00:00 GMT+0700,ESTIMATED
PTCH ,10987143914,41934187,,VK-4,SMART,0.0243,359.8645,Wed Feb 05 2025 05:00:00 GMT+0700,ESTIMATED
PTCH ,10987143914,41934187,,VK-4,SMART,0.0243,359.8402,Wed Feb 05 2025 04:00:00 GMT+0700,ESTIMATED
PTCH ,10987143914,41934187,,VK-4,SMART,0.0243,359.8159,Wed Feb 05 2025 03:00:00 GMT+0700,ESTIMATED
PTCH ,10987143914,41934187,,VK-4,SMART,0.0243,359.7916,Wed Feb 05 2025 02:00:00 GMT+0700,ESTIMATED
PTCH ,10987143914,41934187,,VK-4,SMART,0.0243,359.7673,Wed Feb 05 2025 01:00:00 GMT+0700,ESTIMATED
PTCH ,10987143914,41934187,,VK-4,SMART,0.0243,359.743,Wed Feb 05 2025 00:00:00 GMT+0700,ESTIMATED
PTCH ,10987143914,41934187,,VK-4,SMART,0.0243,359.7187,Tue Feb 04 2025 23:00:00 GMT+0700,ESTIMATED
PTCH ,10987143914,41934187,,VK-4,SMART,0.0243,359.6944,Tue Feb 04 2025 22:00:00 GMT+0700,ESTIMATED
PTCH ,10987143914,41934187,,VK-4,SMART,0.0243,359.6701,Tue Feb 04 2025 21:00:00 GMT+0700,ESTIMATED
PTCH ,10987143914,41934187,,VK-4,SMART,0.0243,359.6458,Tue Feb 04 2025 20:00:00 GMT+0700,ESTIMATED
PTCH ,10987143914,41934187,,VK-4,SMART,0.0243,359.6215,Tue Feb 04 2025 19:00:00 GMT+0700,ESTIMATED
PTCH ,10987143914,41934187,,VK-4,SMART,0.0243,359.5972,Tue Feb 04 2025 18:00:00 GMT+0700,ESTIMATED
PTCH ,10987143914,41934187,,VK-4,SMART,0.0243,359.5729,Tue Feb 04 2025 17:00:00 GMT+0700,ESTIMATED
PTCH ,10987143914,41934187,,VK-4,SMART,0.0243,359.5486,Tue Feb 04 2025 16:00:00 GMT+0700,ESTIMATED
PTCH ,10987143914,41934187,,VK-4,SMART,0.0243,359.5243,Tue Feb 04 2025 15:00:00 GMT+0700,ESTIMATED
PTCH ,10987143914,41934187,,VK-4,SMART,0.0317,359.5,Tue Feb 04 2025 14:00:00 GMT+0700,
PTCH ,10987143914,41934187,,VK-4,SMART,0.0321,359.4683,Tue Feb 04 2025 13:00:00 GMT+0700,ESTIMATED
PTCH ,10987143914,41934187,,VK-4,SMART,0.0321,359.4362,Tue Feb 04 2025 12:00:00 GMT+0700,ESTIMATED
PTCH ,10987143914,41934187,,VK-4,SMART,0.0321,359.4041,Tue Feb 04 2025 11:00:00 GMT+0700,ESTIMATED
PTCH ,10987143914,41934187,,VK-4,SMART,0.0321,359.372,Tue Feb 04 2025 10:00:00 GMT+0700,ESTIMATED
PTCH ,10987143914,41934187,,VK-4,SMART,0.0321,359.3399,Tue Feb 04 2025 09:00:00 GMT+0700,ESTIMATED
PTCH ,10987143914,41934187,,VK-4,SMART,0.0321,359.3078,Tue Feb 04 2025 08:00:00 GMT+0700,ESTIMATED
PTCH ,10987143914,41934187,,VK-4,SMART,0.0321,359.2757,Tue Feb 04 2025 07:00:00 GMT+0700,ESTIMATED
PTCH ,10987143914,41934187,,VK-4,SMART,0.0321,359.2436,Tue Feb 04 2025 06:00:00 GMT+0700,ESTIMATED
PTCH ,10987143914,41934187,,VK-4,SMART,0.0321,359.2115,Tue Feb 04 2025 05:00:00 GMT+0700,ESTIMATED
PTCH ,10987143914,41934187,,VK-4,SMART,0.0321,359.1794,Tue Feb 04 2025 04:00:00 GMT+0700,ESTIMATED
PTCH ,10987143914,41934187,,VK-4,SMART,0.0321,359.1473,Tue Feb 04 2025 03:00:00 GMT+0700,ESTIMATED
PTCH ,10987143914,41934187,,VK-4,SMART,0.0321,359.1152,Tue Feb 04 2025 02:00:00 GMT+0700,ESTIMATED
PTCH ,10987143914,41934187,,VK-4,SMART,0.0321,359.0831,Tue Feb 04 2025 01:00:00 GMT+0700,ESTIMATED
PTCH ,10987143914,41934187,,VK-4,SMART,0.0321,359.051,Tue Feb 04 2025 00:00:00 GMT+0700,ESTIMATED
PTCH ,10987143914,41934187,,VK-4,SMART,0.0321,359.0189,Mon Feb 03 2025 23:00:00 GMT+0700,ESTIMATED
PTCH ,10987143914,41934187,,VK-4,SMART,0.0321,358.9868,Mon Feb 03 2025 22:00:00 GMT+0700,ESTIMATED
PTCH ,10987143914,41934187,,VK-4,SMART,0.0321,358.9547,Mon Feb 03 2025 21:00:00 GMT+0700,ESTIMATED
PTCH ,10987143914,41934187,,VK-4,SMART,0.0321,358.9226,Mon Feb 03 2025 20:00:00 GMT+0700,ESTIMATED
PTCH ,10987143914,41934187,,VK-4,SMART,0.0321,358.8905,Mon Feb 03 2025 19:00:00 GMT+0700,ESTIMATED
PTCH ,10987143914,41934187,,VK-4,SMART,0.0321,358.8584,Mon Feb 03 2025 18:00:00 GMT+0700,ESTIMATED
PTCH ,10987143914,41934187,,VK-4,SMART,0.0321,358.8263,Mon Feb 03 2025 17:00:00 GMT+0700,ESTIMATED
PTCH ,10987143914,41934187,,VK-4,SMART,0.0321,358.7942,Mon Feb 03 2025 16:00:00 GMT+0700,ESTIMATED
PTCH ,10987143914,41934187,,VK-4,SMART,0.0321,358.7621,Mon Feb 03 2025 15:00:00 GMT+0700,ESTIMATED
PTCH ,10987143914,41934187,,VK-4,SMART,0.0548,358.73,Mon Feb 03 2025 14:00:00 GMT+0700,
PTCH ,10987143914,41934187,,VK-4,SMART,0.0318,358.6752,Mon Feb 03 2025 13:00:00 GMT+0700,ESTIMATED
PTCH ,10987143914,41934187,,VK-4,SMART,0.0318,358.6434,Mon Feb 03 2025 12:00:00 GMT+0700,ESTIMATED
PTCH ,10987143914,41934187,,VK-4,SMART,0.0318,358.6116,Mon Feb 03 2025 11:00:00 GMT+0700,ESTIMATED
PTCH ,10987143914,41934187,,VK-4,SMART,0.0318,358.5798,Mon Feb 03 2025 10:00:00 GMT+0700,ESTIMATED
PTCH ,10987143914,41934187,,VK-4,SMART,0.0318,358.548,Mon Feb 03 2025 09:00:00 GMT+0700,ESTIMATED
PTCH ,10987143914,41934187,,VK-4,SMART,0.0318,358.5162,Mon Feb 03 2025 08:00:00 GMT+0700,ESTIMATED
PTCH ,10987143914,41934187,,VK-4,SMART,0.0318,358.4844,Mon Feb 03 2025 07:00:00 GMT+0700,ESTIMATED
PTCH ,10987143914,41934187,,VK-4,SMART,0.0318,358.4526,Mon Feb 03 2025 06:00:00 GMT+0700,ESTIMATED
PTCH ,10987143914,41934187,,VK-4,SMART,0.0318,358.4208,Mon Feb 03 2025 05:00:00 GMT+0700,ESTIMATED
PTCH ,10987143914,41934187,,VK-4,SMART,0.0318,358.389,Mon Feb 03 2025 04:00:00 GMT+0700,ESTIMATED
PTCH ,10987143914,41934187,,VK-4,SMART,0.0318,358.3572,Mon Feb 03 2025 03:00:00 GMT+0700,ESTIMATED
PTCH ,10987143914,41934187,,VK-4,SMART,0.0318,358.3254,Mon Feb 03 2025 02:00:00 GMT+0700,ESTIMATED
PTCH ,10987143914,41934187,,VK-4,SMART,0.0318,358.2936,Mon Feb 03 2025 01:00:00 GMT+0700,ESTIMATED
PTCH ,10987143914,41934187,,VK-4,SMART,0.0318,358.2618,Mon Feb 03 2025 00:00:00 GMT+0700,ESTIMATED
PTCH ,10987143914,41934187,,VK-4,SMART,0.0204,358.23,Sun Feb 02 2025 23:00:00 GMT+0700,
PTCH ,10987143914,41934187,,VK-4,SMART,0.0328,358.2096,Sun Feb 02 2025 22:00:00 GMT+0700,ESTIMATED
PTCH ,10987143914,41934187,,VK-4,SMART,0.0328,358.1768,Sun Feb 02 2025 21:00:00 GMT+0700,ESTIMATED
PTCH ,10987143914,41934187,,VK-4,SMART,0.0328,358.144,Sun Feb 02 2025 20:00:00 GMT+0700,ESTIMATED
PTCH ,10987143914,41934187,,VK-4,SMART,0.0328,358.1112,Sun Feb 02 2025 19:00:00 GMT+0700,ESTIMATED
PTCH ,10987143914,41934187,,VK-4,SMART,0.0328,358.0784,Sun Feb 02 2025 18:00:00 GMT+0700,ESTIMATED
PTCH ,10987143914,41934187,,VK-4,SMART,0.0328,358.0456,Sun Feb 02 2025 17:00:00 GMT+0700,ESTIMATED
PTCH ,10987143914,41934187,,VK-4,SMART,0.0328,358.0128,Sun Feb 02 2025 16:00:00 GMT+0700,ESTIMATED
PTCH ,10987143914,41934187,,VK-4,SMART,0.0616,357.98,Sun Feb 02 2025 15:00:00 GMT+0700,
PTCH ,10987143914,41934187,,VK-4,SMART,0.0712,357.9184,Sun Feb 02 2025 14:00:00 GMT+0700,ESTIMATED
PTCH ,10987143914,41934187,,VK-4,SMART,0.0712,357.8472,Sun Feb 02 2025 13:00:00 GMT+0700,ESTIMATED
PTCH ,10987143914,41934187,,VK-4,SMART,0.0712,357.776,Sun Feb 02 2025 12:00:00 GMT+0700,ESTIMATED
PTCH ,10987143914,41934187,,VK-4,SMART,0.0712,357.7048,Sun Feb 02 2025 11:00:00 GMT+0700,ESTIMATED
PTCH ,10987143914,41934187,,VK-4,SMART,0.0712,357.6336,Sun Feb 02 2025 10:00:00 GMT+0700,ESTIMATED
PTCH ,10987143914,41934187,,VK-4,SMART,0.0712,357.5624,Sun Feb 02 2025 09:00:00 GMT+0700,ESTIMATED
PTCH ,10987143914,41934187,,VK-4,SMART,0.0712,357.4912,Sun Feb 02 2025 08:00:00 GMT+0700,ESTIMATED
PTCH ,10987143914,41934187,,VK-4,SMART,0.0639,357.42,Sun Feb 02 2025 07:00:00 GMT+0700,
PTCH ,10987143914,41934187,,VK-4,SMART,0.0407,357.3561,Sun Feb 02 2025 06:00:00 GMT+0700,ESTIMATED
PTCH ,10987143914,41934187,,VK-4,SMART,0.0407,357.3154,Sun Feb 02 2025 05:00:00 GMT+0700,ESTIMATED
PTCH ,10987143914,41934187,,VK-4,SMART,0.0407,357.2747,Sun Feb 02 2025 04:00:00 GMT+0700,ESTIMATED
PTCH ,10987143914,41934187,,VK-4,SMART,0.0407,357.234,Sun Feb 02 2025 03:00:00 GMT+0700,ESTIMATED
PTCH ,10987143914,41934187,,VK-4,SMART,0.0407,357.1933,Sun Feb 02 2025 02:00:00 GMT+0700,ESTIMATED
PTCH ,10987143914,41934187,,VK-4,SMART,0.0407,357.1526,Sun Feb 02 2025 01:00:00 GMT+0700,ESTIMATED
PTCH ,10987143914,41934187,,VK-4,SMART,0.0407,357.1119,Sun Feb 02 2025 00:00:00 GMT+0700,ESTIMATED
